26
AB738402_Cow_Japan_NULL_Rotavirus_C_Strain_NULL_NSP1              0.0000000 0.1639767 0.1610921 0.2325504 0.1867794 0.2627714 0.2304590 3.9102341 3.8491768 3.8920556 3.9105544 3.9198862 3.8708627 3.9777835 4.0636674 3.9847394 3.8581232 3.8830636 3.8543443 3.8520664 3.8214695 3.8295250 3.8724526 3.8376748 3.8366706 3.8803038 
AB874645_Cow_Japan_2004_06_02_Rotavirus_C_Strain_NULL_NSP1        0.1639767 0.0000000 0.2556018 0.2331051 0.1874392 0.2724293 0.2476066 3.9665209 3.9052076 3.9482525 3.9670570 3.9765564 3.9282223 4.0335284 4.0887170 4.0805169 3.9178617 3.9430705 3.9050019 3.9111654 3.9075983 3.8884380 3.9317122 3.9088154 3.8956389 3.9558152 
AB738407_Cow_Japan_NULL_Rotavirus_C_Strain_NULL_NSP1              0.1610921 0.2556018 0.0000000 0.3093147 0.2585727 0.3696606 0.3482753 3.8291732 3.7738119 3.8113534 3.8227207 3.8381754 3.7900447 3.9019977 3.9861327 3.9562661 3.8330624 3.8575640 3.8228574 3.8271242 3.7970285 3.8049580 3.8471739 3.8394542 3.8346483 3.8519290 
AB874642_Cow_Japan_2003_12_17_Rotavirus_C_Strain_NULL_NSP1        0.2325504 0.2331051 0.3093147 0.0000000 0.0809014 0.1596502 0.2935292 3.8603239 3.7996960 3.8422875 3.8604613 3.8696129 3.7952371 3.9957024 4.0816632 4.0222737 3.8398531 3.8646572 3.8270744 3.8366864 3.8061690 3.8142071 3.8402106 3.8223237 3.8213322 3.8701140 
AB874643_Cow_Japan_2004_01_05_Rotavirus_C_Strain_NULL_NSP1        0.1867794 0.1874392 0.2585727 0.0809014 0.0000000 0.1110546 0.2694376 3.8772546 3.8164316 3.8820467 3.8774531 3.8866731 3.8334010 4.0125893 4.0989599 4.0525591 3.8024862 3.8271213 3.8165632 3.8029431 3.7726115 3.7806091 3.8064684 3.7886502 3.7876845 3.8360835 
AB874646_Cow_Japan_2008_04_08_Rotavirus_C_Strain_NULL_NSP1        0.2627714 0.2724293 0.3696606 0.1596502 0.1110546 0.0000000 0.3264034 4.0418614 3.9857190 4.0468354 4.0427074 4.0524760 3.9463485 4.1508435 4.2389332 4.1788827 3.9694801 3.9951330 3.9564825 3.9656947 3.9345011 3.9426863 3.9654025 3.9510805 3.9461408 3.9963722 
AB874647_Cow_Japan_2010_11_04_Rotavirus_C_Strain_NULL_NSP1        0.2304590 0.2476066 0.3482753 0.2935292 0.2694376 0.3264034 0.0000000 3.8500478 3.7897019 3.8321002 3.8501483 3.8592322 3.8060351 3.9903804 4.0760121 4.0257953 3.8481669 3.8729544 3.8444152 3.8671883 3.8366646 3.8446971 3.8875272 3.8528390 3.8509771 3.8953973 
AY770977_Human_India_NULL_Rotavirus_C_Strain_NULL_NSP1            3.9102341 3.9665209 3.8291732 3.8603239 3.8772546 4.0418614 3.8500478 0.0000000 0.0204516 0.0380434 0.0527609 0.0563772 0.1017883 0.1440775 0.1810386 0.1735736 0.2624128 0.2673619 0.2823996 0.2768957 0.2767716 0.2812539 0.2908849 0.3119925 0.3106367 0.3150775 
AY820181_Human_India_NULL_Rotavirus_C_Strain_NULL_NSP1            3.8491768 3.9052076 3.7738119 3.7996960 3.8164316 3.9857190 3.7897019 0.0204516 0.0000000 0.0522204 0.0672858 0.0709545 0.1171701 0.1518134 0.1890492 0.1815518 0.2708953 0.2758906 0.2910455 0.2855110 0.2905690 0.2951053 0.2995873 0.3209107 0.3249264 0.3239486 
AY820180_Human_India_NULL_Rotavirus_C_Strain_NULL_NSP1            3.8920556 3.9482525 3.8113534 3.8422875 3.8820467 4.0468354 3.8321002 0.0380434 0.0522204 0.0000000 0.0418500 0.0454155 0.0900675 0.1395379 0.1761868 0.1602503 0.2948445 0.2999899 0.3056463 0.3000483 0.3052099 0.3097933 0.3142806 0.3359745 0.3399942 0.3389292 
JN969075_Human_Russia_2008_05_XX_Rotavirus_C_Strain_NULL_NSP1     3.9105544 3.9670570 3.8227207 3.8604613 3.8774531 4.0427074 3.8501483 0.0527609 0.0672858 0.0418500 0.0000000 0.0102872 0.0530165 0.1570954 0.2037911 0.1825842 0.2976969 0.3029102 0.2936033 0.3029849 0.3082206 0.3128606 0.3173946 0.3393987 0.3434623 0.3423652 
KP735968_Human_Russia_2008_05_12_Rotavirus_C_Strain_NULL_NSP1     3.9198862 3.9765564 3.8381754 3.8696129 3.8866731 4.0524760 3.8592322 0.0563772 0.0709545 0.0454155 0.0102872 0.0000000 0.0566514 0.1611628 0.2080893 0.1867775 0.3028101 0.3080645 0.3082277 0.3081501 0.3134347 0.3181012 0.3226455 0.3448345 0.3390106 0.3375926 
KC713907_Human_Russia_2008_04_XX_Rotavirus_C_Strain_NULL_NSP1     3.8708627 3.9282223 3.7900447 3.7952371 3.8334010 3.9463485 3.8060351 0.1017883 0.1171701 0.0900675 0.0530165 0.0566514 0.0000000 0.1868552 0.2353632 0.2133344 0.3436676 0.3492214 0.3493362 0.3390921 0.3446507 0.3494491 0.3540168 0.3771915 0.3813023 0.3802235 
HQ185638_Human_Bangladesh_2005_XX_XX_Rotavirus_C_Strain_NULL_NSP1 3.9777835 4.0335284 3.9019977 3.9957024 4.0125893 4.1508435 3.9903804 0.1440775 0.1518134 0.1395379 0.1570954 0.1611628 0.1868552 0.0000000 0.0377098 0.0308341 0.2954148 0.3005924 0.3062845 0.3004398 0.3163235 0.3109438 0.3149875 0.3366184 0.3408932 0.3391930 
HQ896716_Human_South                                              4.0636674 4.0887170 3.9861327 4.0816632 4.0989599 4.2389332 4.0760121 0.1810386 0.1890492 0.1761868 0.2037911 0.2080893 0.2353632 0.0377098 0.0000000 0.0628356 0.3295246 0.3349400 0.3408521 0.3450356 0.3619093 0.3562084 0.3601780 0.3724349 0.3768080 0.3854326 
KT206199_Human_Italy_2012_XX_XX_Rotavirus_C_Strain_G4P_2__NSP1    3.9847394 4.0805169 3.9562661 4.0222737 4.0525591 4.1788827 4.0257953 0.1735736 0.1815518 0.1602503 0.1825842 0.1867775 0.2133344 0.0308341 0.0628356 0.0000000 0.3308064 0.3362299 0.3314238 0.3361556 0.3424248 0.3471943 0.3511825 0.3739162 0.3782193 0.3762214 
HQ185647_Human_China_2001_XX_XX_Rotavirus_C_Strain_NULL_NSP1      3.8581232 3.9178617 3.8330624 3.8398531 3.8024862 3.9694801 3.8481669 0.2624128 0.2708953 0.2948445 0.2976969 0.3028101 0.3436676 0.2954148 0.3295246 0.3308064 0.0000000 0.0033402 0.0203512 0.0375647 0.0481278 0.0445417 0.0480569 0.0626589 0.0734360 0.0659991 
HQ185668_Human_Japan_2003_XX_XX_Rotavirus_C_Strain_NULL_NSP1      3.8830636 3.9430705 3.8575640 3.8646572 3.8271213 3.9951330 3.8729544 0.2673619 0.2758906 0.2999899 0.3029102 0.3080645 0.3492214 0.3005924 0.3349400 0.3362299 0.0033402 0.0000000 0.0238123 0.0411026 0.0517225 0.0481132 0.0516453 0.0663451 0.0771734 0.0696863 
KT206188_Human_Italy_2004_XX_XX_Rotavirus_C_Strain_G4P_2__NSP1    3.8543443 3.9050019 3.8228574 3.8270744 3.8165632 3.9564825 3.8444152 0.2823996 0.2910455 0.3056463 0.2936033 0.3082277 0.3493362 0.3062845 0.3408521 0.3314238 0.0203512 0.0238123 0.0000000 0.0591552 0.0700702 0.0663408 0.0699585 0.0851602 0.0962456 0.0885014 
HQ185658_Human_China_2007_XX_XX_Rotavirus_C_Strain_NULL_NSP1      3.8520664 3.9111654 3.8271242 3.8366864 3.8029431 3.9656947 3.8671883 0.2768957 0.2855110 0.3000483 0.3029849 0.3081501 0.3390921 0.3004398 0.3450356 0.3361556 0.0375647 0.0411026 0.0591552 0.0000000 0.0100481 0.0066774 0.0168284 0.0237305 0.0411159 0.0340480 
KP776576_Human_Hungary_2013_XX_XX_Rotavirus_C_Strain_G4P_2__NSP1  3.8214695 3.9075983 3.7970285 3.8061690 3.7726115 3.9345011 3.8366646 0.2767716 0.2905690 0.3052099 0.3082206 0.3134347 0.3446507 0.3163235 0.3619093 0.3424248 0.0481278 0.0517225 0.0700702 0.0100481 0.0000000 0.0033329 0.0270976 0.0341222 0.0446274 0.0445503 
KP776577_Human_Hungary_2013_XX_XX_Rotavirus_C_Strain_G4P_2__NSP1  3.8295250 3.8884380 3.8049580 3.8142071 3.7806091 3.9426863 3.8446971 0.2812539 0.2951053 0.3097933 0.3128606 0.3181012 0.3494491 0.3109438 0.3562084 0.3471943 0.0445417 0.0481132 0.0663408 0.0066774 0.0033329 0.0000000 0.0236339 0.0306093 0.0410590 0.0409889 
HQ185679_Human_Japan_2008_XX_XX_Rotavirus_C_Strain_NULL_NSP1      3.8724526 3.9317122 3.8471739 3.8402106 3.8064684 3.9654025 3.8875272 0.2908849 0.2995873 0.3142806 0.3173946 0.3226455 0.3540168 0.3149875 0.3601780 0.3511825 0.0480569 0.0516453 0.0699585 0.0168284 0.0270976 0.0236339 0.0000000 0.0411450 0.0516587 0.0445263 
KP844855_Human_South                                              3.8376748 3.9088154 3.8394542 3.8223237 3.7886502 3.9510805 3.8528390 0.3119925 0.3209107 0.3359745 0.3393987 0.3448345 0.3771915 0.3366184 0.3724349 0.3739162 0.0626589 0.0663451 0.0851602 0.0237305 0.0341222 0.0306093 0.0411450 0.0000000 0.0663563 0.0517933 
KP342041_Human_China_2011_XX_XX_Rotavirus_C_Strain_NULL_NSP1      3.8366706 3.8956389 3.8346483 3.8213322 3.7876845 3.9461408 3.8509771 0.3106367 0.3249264 0.3399942 0.3434623 0.3390106 0.3813023 0.3408932 0.3768080 0.3782193 0.0734360 0.0771734 0.0962456 0.0411159 0.0446274 0.0410590 0.0516587 0.0663563 0.0000000 0.0696964 
KP342030_Human_China_2011_XX_XX_Rotavirus_C_Strain_NULL_NSP1      3.8803038 3.9558152 3.8519290 3.8701140 3.8360835 3.9963722 3.8953973 0.3150775 0.3239486 0.3389292 0.3423652 0.3375926 0.3802235 0.3391930 0.3854326 0.3762214 0.0659991 0.0696863 0.0885014 0.0340480 0.0445503 0.0409889 0.0445263 0.0517933 0.0696964 0.0000000 
