28
AB646350_Pig_Japan_2002_08_XX_Rotavirus_B_Strain_NULL_NSP1        0.0000000 1.1604620 1.3958645 1.2131034 1.4107314 1.3966565 1.4196485 1.4199458 1.3196396 1.6294607 3.1518526 3.8936264 8.9999990 8.9999981 8.9999981 8.9999981 8.9999980 8.9999981 8.9999984 8.9999983 8.9999987 8.9999987 8.9999980 8.9999987 8.9999985 8.9999987 8.9999985 8.9999989 
AB646358_Pig_Japan_2007_08_XX_Rotavirus_B_Strain_NULL_NSP1        1.1604620 0.0000000 0.7045907 0.7952879 1.3296541 1.3246059 1.2901687 1.2612515 1.4486127 1.5370160 3.3686987 4.0339974 8.9999985 8.9999986 8.9999985 8.9999986 8.9999987 8.9999990 8.9999982 8.9999985 8.9999982 8.9999987 8.9999980 8.9999988 8.9999985 8.9999982 8.9999989 8.9999980 
AB646359_Pig_Japan_2008_07_XX_Rotavirus_B_Strain_NULL_NSP1        1.3958645 0.7045907 0.0000000 0.7285100 1.3363310 1.3766293 1.3239676 1.2714061 1.4610755 1.4836381 3.2732430 3.9014093 8.9999985 8.9999987 8.9999985 8.9999986 8.9999987 8.9999989 8.9999989 8.9999989 8.9999989 8.9999989 8.9999988 8.9999980 8.9999988 8.9999986 8.9999981 8.9999989 
AB646364_Pig_Japan_2009_04_XX_Rotavirus_B_Strain_NULL_NSP1        1.2131034 0.7952879 0.7285100 0.0000000 1.3060136 1.2848824 1.3037052 1.2738723 1.4567989 1.4977005 3.1711026 3.9612300 8.9999985 8.9999987 8.9999985 8.9999985 8.9999985 8.9999985 8.9999982 8.9999983 8.9999984 8.9999983 8.9999983 8.9999985 8.9999983 8.9999984 8.9999984 8.9999989 
AB646351_Pig_Japan_2002_09_XX_Rotavirus_B_Strain_NULL_NSP1        1.4107314 1.3296541 1.3363310 1.3060136 0.0000000 0.0644239 0.0962397 0.0867607 0.9096089 1.3616920 3.1229757 4.0024574 8.9999987 8.9999989 8.9999988 8.9999989 8.9999988 8.9999982 8.9999988 8.9999987 8.9999987 8.9999987 8.9999984 8.9999987 8.9999988 8.9999988 8.9999987 8.9999990 
AB646355_Pig_Japan_2007_08_XX_Rotavirus_B_Strain_NULL_NSP1        1.3966565 1.3246059 1.3766293 1.2848824 0.0644239 0.0000000 0.0645250 0.0644494 0.9809604 1.3607130 3.0874832 4.0838212 8.9999987 8.9999989 8.9999987 8.9999988 8.9999987 8.9999981 8.9999987 8.9999986 8.9999987 8.9999987 8.9999983 8.9999987 8.9999987 8.9999988 8.9999986 8.9999990 
AB646353_Pig_Japan_2003_07_XX_Rotavirus_B_Strain_NULL_NSP1        1.4196485 1.2901687 1.3239676 1.3037052 0.0962397 0.0645250 0.0000000 0.0335299 1.0243584 1.3963115 3.2383340 4.0024884 8.9999986 8.9999988 8.9999986 8.9999988 8.9999987 8.9999990 8.9999987 8.9999985 8.9999986 8.9999986 8.9999983 8.9999986 8.9999987 8.9999987 8.9999985 8.9999990 
AB646354_Pig_Japan_2007_08_XX_Rotavirus_B_Strain_NULL_NSP1        1.4199458 1.2612515 1.2714061 1.2738723 0.0867607 0.0644494 0.0335299 0.0000000 1.0106838 1.3456420 3.1950661 4.0061186 8.9999988 8.9999980 8.9999988 8.9999990 8.9999988 8.9999983 8.9999989 8.9999987 8.9999988 8.9999988 8.9999985 8.9999988 8.9999989 8.9999989 8.9999987 8.9999990 
AB646356_Pig_Japan_2007_08_XX_Rotavirus_B_Strain_NULL_NSP1        1.3196396 1.4486127 1.4610755 1.4567989 0.9096089 0.9809604 1.0243584 1.0106838 0.0000000 1.3317470 2.9846329 3.6732638 8.9999990 8.9999990 8.9999989 8.9999990 8.9999980 8.9999989 8.9999990 8.9999990 8.9999990 8.9999990 8.9999990 8.9999989 8.9999990 8.9999989 8.9999990 8.9999990 
KR052709_Pig_USA_NULL_Rotavirus_B_Strain_GXP_X__NSP1              1.6294607 1.5370160 1.4836381 1.4977005 1.3616920 1.3607130 1.3963115 1.3456420 1.3317470 0.0000000 3.2044495 3.9806602 8.9999990 8.9999984 8.9999983 8.9999983 8.9999990 8.9999984 8.9999987 8.9999988 8.9999988 8.9999988 8.9999988 8.9999988 8.9999989 8.9999989 8.9999989 8.9999986 
AB646362_Pig_Japan_2008_09_XX_Rotavirus_B_Strain_NULL_NSP1        3.1518526 3.3686987 3.2732430 3.1711026 3.1229757 3.0874832 3.2383340 3.1950661 2.9846329 3.2044495 0.0000000 3.4764056 8.9999985 8.9999988 8.9999989 8.9999987 8.9999990 8.9999989 8.9999989 8.9999989 8.9999990 8.9999989 8.9999986 8.9999985 8.9999984 8.9999985 8.9999983 8.9999980 
AB646363_Pig_Japan_2008_10_XX_Rotavirus_B_Strain_NULL_NSP1        3.8936264 4.0339974 3.9014093 3.9612300 4.0024574 4.0838212 4.0024884 4.0061186 3.6732638 3.9806602 3.4764056 0.0000000 8.9999987 8.9999989 8.9999990 8.9999988 8.9999988 8.9999988 8.9999990 8.9999987 8.9999987 8.9999980 8.9999987 8.9999980 8.9999989 8.9999990 8.9999989 8.9999981 
AY238391_Human_NULL_NULL_Rotavirus_B_Strain_NULL_NSP1             8.9999990 8.9999985 8.9999985 8.9999985 8.9999987 8.9999987 8.9999986 8.9999988 8.9999990 8.9999990 8.9999985 8.9999987 0.0000000 0.0256873 0.0569802 0.0433714 0.0479843 0.0663506 0.1198306 0.1144815 0.1147636 0.1099184 0.0901663 0.1404638 0.1504897 0.1458873 0.1399344 0.4235196 
GU391307_Human_Bangladesh_2002_03_XX_Rotavirus_B_Strain_NULL_NSP1 8.9999981 8.9999986 8.9999987 8.9999987 8.9999989 8.9999989 8.9999988 8.9999980 8.9999990 8.9999984 8.9999988 8.9999989 0.0256873 0.0000000 0.0479841 0.0525034 0.0573143 0.0760037 0.1304417 0.1249747 0.1252769 0.1203595 0.1002485 0.1514842 0.1616016 0.1569676 0.1508649 0.4383778 
JQ904232_Human_India_2009_09_XX_Rotavirus_B_Strain_NULL_NSP1      8.9999981 8.9999985 8.9999985 8.9999985 8.9999988 8.9999987 8.9999986 8.9999988 8.9999989 8.9999983 8.9999989 8.9999990 0.0569802 0.0479841 0.0000000 0.0803106 0.0901539 0.1097494 0.1669625 0.1611393 0.1614961 0.1563758 0.1352198 0.1890947 0.1997962 0.1948826 0.1883112 0.4676084 
JQ904225_Human_India_1995_11_XX_Rotavirus_B_Strain_NULL_NSP1      8.9999981 8.9999986 8.9999986 8.9999985 8.9999989 8.9999988 8.9999988 8.9999990 8.9999990 8.9999983 8.9999987 8.9999988 0.0433714 0.0525034 0.0803106 0.0000000 0.0302328 0.0481600 0.1002675 0.0951020 0.0953451 0.0906013 0.0713707 0.1203463 0.1303519 0.1256070 0.1148592 0.3792488 
JQ904226_Human_India_2000_10_XX_Rotavirus_B_Strain_NULL_NSP1      8.9999980 8.9999987 8.9999987 8.9999985 8.9999988 8.9999987 8.9999987 8.9999988 8.9999980 8.9999990 8.9999990 8.9999988 0.0479843 0.0573143 0.0901539 0.0302328 0.0000000 0.0346852 0.0857787 0.0807502 0.0809616 0.0762942 0.0574565 0.1054458 0.1151198 0.1105858 0.1050564 0.4080529 
JQ904228_Human_India_2004_02_XX_Rotavirus_B_Strain_NULL_NSP1      8.9999981 8.9999990 8.9999989 8.9999985 8.9999982 8.9999981 8.9999990 8.9999983 8.9999989 8.9999984 8.9999989 8.9999988 0.0663506 0.0760037 0.1097494 0.0481600 0.0346852 0.0000000 0.0664896 0.0616679 0.0618329 0.0619176 0.0481065 0.0903399 0.0998159 0.0953341 0.0900108 0.4374242 
GU370057_Human_Myanmar_2007_11_XX_Rotavirus_B_Strain_NULL_NSP1    8.9999984 8.9999982 8.9999989 8.9999982 8.9999988 8.9999987 8.9999987 8.9999989 8.9999990 8.9999987 8.9999989 8.9999990 0.1198306 0.1304417 0.1669625 0.1002675 0.0857787 0.0664896 0.0000000 0.0214601 0.0215201 0.0215507 0.0435831 0.0483950 0.0574526 0.0530582 0.0483039 0.5104797 
GU377230_Human_India_2007_11_XX_Rotavirus_B_Strain_NULL_NSP1      8.9999983 8.9999985 8.9999989 8.9999983 8.9999987 8.9999986 8.9999985 8.9999987 8.9999990 8.9999988 8.9999989 8.9999987 0.1144815 0.1249747 0.1611393 0.0951020 0.0807502 0.0616679 0.0214601 0.0000000 0.0171105 0.0171347 0.0389811 0.0392694 0.0527024 0.0483324 0.0435662 0.5008135 
JQ904231_Human_India_2007_06_XX_Rotavirus_B_Strain_NULL_NSP1      8.9999987 8.9999982 8.9999989 8.9999984 8.9999987 8.9999987 8.9999986 8.9999988 8.9999990 8.9999988 8.9999990 8.9999987 0.1147636 0.1252769 0.1614961 0.0953451 0.0809616 0.0618329 0.0215201 0.0171105 0.0000000 0.0171829 0.0390881 0.0438410 0.0528454 0.0484647 0.0436855 0.5003195 
GU377219_Human_India_2008_01_XX_Rotavirus_B_Strain_NULL_NSP1      8.9999987 8.9999987 8.9999989 8.9999983 8.9999987 8.9999987 8.9999986 8.9999988 8.9999990 8.9999988 8.9999989 8.9999980 0.1099184 0.1203595 0.1563758 0.0906013 0.0762942 0.0619176 0.0215507 0.0171347 0.0171829 0.0000000 0.0391426 0.0348441 0.0437511 0.0393938 0.0347212 0.4933334 
JQ904230_Human_India_2006_10_XX_Rotavirus_B_Strain_NULL_NSP1      8.9999980 8.9999980 8.9999988 8.9999983 8.9999984 8.9999983 8.9999983 8.9999985 8.9999990 8.9999988 8.9999986 8.9999987 0.0901663 0.1002485 0.1352198 0.0713707 0.0574565 0.0481065 0.0435831 0.0389811 0.0390881 0.0391426 0.0000000 0.0666079 0.0758293 0.0714047 0.0663689 0.4603970 
JQ904234_Human_India_2010_03_XX_Rotavirus_B_Strain_NULL_NSP1      8.9999987 8.9999988 8.9999980 8.9999985 8.9999987 8.9999987 8.9999986 8.9999988 8.9999989 8.9999988 8.9999985 8.9999980 0.1404638 0.1514842 0.1890947 0.1203463 0.1054458 0.0903399 0.0483950 0.0392694 0.0438410 0.0348441 0.0666079 0.0000000 0.0528183 0.0576972 0.0436610 0.5269756 
JQ904237_Human_India_2010_06_XX_Rotavirus_B_Strain_NULL_NSP1      8.9999985 8.9999985 8.9999988 8.9999983 8.9999988 8.9999987 8.9999987 8.9999989 8.9999990 8.9999989 8.9999984 8.9999989 0.1504897 0.1616016 0.1997962 0.1303519 0.1151198 0.0998159 0.0574526 0.0527024 0.0528454 0.0437511 0.0758293 0.0528183 0.0000000 0.0668733 0.0435988 0.5402834 
JQ904233_Human_India_2009_10_XX_Rotavirus_B_Strain_NULL_NSP1      8.9999987 8.9999982 8.9999986 8.9999984 8.9999988 8.9999988 8.9999987 8.9999989 8.9999989 8.9999989 8.9999985 8.9999990 0.1458873 0.1569676 0.1948826 0.1256070 0.1105858 0.0953341 0.0530582 0.0483324 0.0484647 0.0393938 0.0714047 0.0576972 0.0668733 0.0000000 0.0574903 0.5188309 
KP753129_Human_Senegal_2010_12_20_Rotavirus_B_Strain_GXP_X__NSP1  8.9999985 8.9999989 8.9999981 8.9999984 8.9999987 8.9999986 8.9999985 8.9999987 8.9999990 8.9999989 8.9999983 8.9999989 0.1399344 0.1508649 0.1883112 0.1148592 0.1050564 0.0900108 0.0483039 0.0435662 0.0436855 0.0347212 0.0663689 0.0436610 0.0435988 0.0574903 0.0000000 0.5325804 
AY539862_Human_NULL_NULL_Rotavirus_B_Strain_NULL_NSP1             8.9999989 8.9999980 8.9999989 8.9999989 8.9999990 8.9999990 8.9999990 8.9999990 8.9999990 8.9999986 8.9999980 8.9999981 0.4235196 0.4383778 0.4676084 0.3792488 0.4080529 0.4374242 0.5104797 0.5008135 0.5003195 0.4933334 0.4603970 0.5269756 0.5402834 0.5188309 0.5325804 0.0000000 
