28
AB738405_Cow_Japan_NULL_Rotavirus_C_Strain_NULL_VP1              0.0000000 0.1725245 0.2266316 0.2344690 0.2176266 0.2187875 0.2545608 1.7584367 1.7566703 1.8256963 1.7637463 1.7741184 1.8113771 1.8204082 1.8240552 1.8153811 1.7461354 1.7059905 1.7505440 1.7334220 1.7366323 1.7526291 1.7550068 1.7260101 1.7294348 1.7123360 1.7238029 1.7144301 
AB874609_Cow_Japan_2004_06_02_Rotavirus_C_Strain_NULL_VP1        0.1725245 0.0000000 0.2432811 0.2485186 0.2266156 0.2385169 0.2670919 1.7746675 1.8016062 1.8617627 1.8141922 1.8322945 1.8703220 1.8794052 1.8832726 1.8662885 1.7557678 1.7228177 1.7602175 1.7612951 1.7645656 1.7913111 1.7938440 1.7452982 1.7487984 1.7314794 1.7517504 1.7517453 
AB738412_Cow_Japan_NULL_Rotavirus_C_Strain_NULL_VP1              0.2266316 0.2432811 0.0000000 0.1959432 0.1654895 0.1837607 0.1980479 1.6699838 1.6813777 1.7518436 1.7097416 1.7372836 1.7603270 1.7702885 1.7807472 1.7480401 1.6851819 1.6444104 1.6894648 1.6809633 1.6852919 1.7010345 1.7040942 1.6759118 1.6792578 1.6715095 1.6609399 1.6516309 
AB874606_Cow_Japan_2003_12_17_Rotavirus_C_Strain_NULL_VP1        0.2344690 0.2485186 0.1959432 0.0000000 0.0852358 0.1131765 0.1318843 1.7141008 1.7340731 1.7908436 1.7466461 1.7641826 1.7683098 1.7782983 1.7897626 1.7650791 1.7112451 1.6615947 1.7163659 1.7062061 1.7114907 1.7225040 1.7322707 1.6924549 1.6989396 1.6875920 1.6867550 1.6773528 
AB874607_Cow_Japan_2004_01_05_Rotavirus_C_Strain_NULL_VP1        0.2176266 0.2266156 0.1654895 0.0852358 0.0000000 0.0772145 0.1113414 1.7485099 1.7595782 1.8288472 1.7671647 1.7847996 1.8081642 1.8181865 1.8298102 1.8049390 1.7455785 1.6955469 1.7498794 1.7406509 1.7451315 1.7592962 1.7625604 1.7258058 1.7323628 1.7150312 1.7191700 1.7097091 
AB874610_Cow_Japan_2008_04_08_Rotavirus_C_Strain_NULL_VP1        0.2187875 0.2385169 0.1837607 0.1131765 0.0772145 0.0000000 0.1375723 1.7542258 1.7550726 1.8270118 1.7757732 1.8021168 1.8439141 1.8538527 1.8655467 1.8406604 1.7614150 1.7114562 1.7656863 1.7565551 1.7610475 1.7661860 1.7694603 1.7327445 1.7362180 1.7278788 1.7370435 1.7275855 
AB874611_Cow_Japan_2010_11_04_Rotavirus_C_Strain_NULL_VP1        0.2545608 0.2670919 0.1980479 0.1318843 0.1113414 0.1375723 0.0000000 1.7441911 1.7448150 1.8250562 1.7488393 1.7757763 1.8317490 1.8504426 1.8621338 1.8285326 1.7280324 1.6781815 1.7323421 1.7239365 1.7318923 1.7425204 1.7457321 1.7093537 1.7127898 1.6954994 1.7110057 1.7015573 
AJ304859_Human_NULL_NULL_Rotavirus_C_Strain_NULL_VP1             1.7584367 1.7746675 1.6699838 1.7141008 1.7485099 1.7542258 1.7441911 0.0000000 0.0627809 0.1049967 0.0780196 0.0939679 0.1670406 0.1686046 0.1765304 0.1592350 0.1941717 0.1910211 0.1961615 0.2118210 0.2072815 0.2219635 0.2247670 0.2166423 0.2186595 0.2156653 0.2253461 0.2286992 
HQ185629_Human_India_2001_XX_XX_Rotavirus_C_Strain_NULL_VP1      1.7566703 1.8016062 1.6813777 1.7340731 1.7595782 1.7550726 1.7448150 0.0627809 0.0000000 0.0492589 0.0768227 0.0941078 0.2234326 0.2218627 0.2271805 0.2247387 0.2228572 0.2161528 0.2182838 0.2309928 0.2297199 0.2380014 0.2443969 0.2289344 0.2344975 0.2314387 0.2397503 0.2431880 
KT206196_Human_Italy_2012_XX_XX_Rotavirus_C_Strain_G4P_2__VP1    1.8256963 1.8617627 1.7518436 1.7908436 1.8288472 1.8270118 1.8250562 0.1049967 0.0492589 0.0000000 0.1289536 0.1437377 0.2533484 0.2516962 0.2573425 0.2583803 0.2638863 0.2566646 0.2590328 0.2687916 0.2674656 0.2763220 0.2831083 0.2666197 0.2704872 0.2672457 0.2782183 0.2818953 
HQ185632_Human_Bangladesh_2005_XX_XX_Rotavirus_C_Strain_NULL_VP1 1.7637463 1.8141922 1.7097416 1.7466461 1.7671647 1.7757732 1.7488393 0.0780196 0.0768227 0.1289536 0.0000000 0.0170325 0.2400829 0.2384731 0.2439538 0.2382223 0.2294769 0.2227025 0.2246333 0.2377099 0.2364283 0.2483796 0.2513398 0.2427517 0.2449074 0.2418036 0.2519536 0.2554653 
HQ896710_Human_South                                             1.7741184 1.8322945 1.7372836 1.7641826 1.7847996 1.8021168 1.7757763 0.0939679 0.0941078 0.1437377 0.0170325 0.0000000 0.2578645 0.2562095 0.2618719 0.2559352 0.2487615 0.2417566 0.2437743 0.2572649 0.2559592 0.2683051 0.2713333 0.2624467 0.2647363 0.2615523 0.2719918 0.2756184 
JQ177067_Human_Russia_2008_05_XX_Rotavirus_C_Strain_NULL_VP1     1.8113771 1.8703220 1.7603270 1.7683098 1.8081642 1.8439141 1.8317490 0.1670406 0.2234326 0.2533484 0.2400829 0.2578645 0.0000000 0.0089461 0.0146392 0.0157292 0.2421259 0.2420220 0.2529287 0.2577799 0.2564521 0.2654332 0.2648491 0.2629140 0.2651786 0.2620083 0.2724229 0.2724250 
JQ177068_Human_Russia_2008_05_XX_Rotavirus_C_Strain_NULL_VP1     1.8204082 1.8794052 1.7702885 1.7782983 1.8181865 1.8538527 1.8504426 0.1686046 0.2218627 0.2516962 0.2384731 0.2562095 0.0089461 0.0000000 0.0055755 0.0157312 0.2370057 0.2385506 0.2477125 0.2524088 0.2510882 0.2599875 0.2595009 0.2575045 0.2597394 0.2565912 0.2669177 0.2669197 
JQ177069_Human_Russia_2009_03_XX_Rotavirus_C_Strain_NULL_VP1     1.8240552 1.8832726 1.7807472 1.7897626 1.8298102 1.8655467 1.8621338 0.1765304 0.2271805 0.2573425 0.2439538 0.2618719 0.0146392 0.0055755 0.0000000 0.0215000 0.2390287 0.2405797 0.2497872 0.2509055 0.2495853 0.2584729 0.2579889 0.2559968 0.2582264 0.2550803 0.2653955 0.2653975 
KC713906_Human_Russia_2008_04_XX_Rotavirus_C_Strain_NULL_VP1     1.8153811 1.8662885 1.7480401 1.7650791 1.8049390 1.8406604 1.8285326 0.1592350 0.2247387 0.2583803 0.2382223 0.2559352 0.0157292 0.0157312 0.0215000 0.0000000 0.2365056 0.2364032 0.2471830 0.2553696 0.2505525 0.2629734 0.2623967 0.2604758 0.2662724 0.2631049 0.2699217 0.2699237 
HQ185643_Human_China_2001_XX_XX_Rotavirus_C_Strain_NULL_VP1      1.7461354 1.7557678 1.6851819 1.7112451 1.7455785 1.7614150 1.7280324 0.1941717 0.2228572 0.2638863 0.2294769 0.2487615 0.2421259 0.2370057 0.2390287 0.2365056 0.0000000 0.0181483 0.0193183 0.0309534 0.0298258 0.0417162 0.0428253 0.0393267 0.0429952 0.0430474 0.0429497 0.0453721 
HQ185663_Human_Japan_2003_XX_XX_Rotavirus_C_Strain_NULL_VP1      1.7059905 1.7228177 1.6444104 1.6615947 1.6955469 1.7114562 1.6781815 0.1910211 0.2161528 0.2566646 0.2227025 0.2417566 0.2420220 0.2385506 0.2405797 0.2364032 0.0181483 0.0000000 0.0216708 0.0357335 0.0346074 0.0466139 0.0477238 0.0417505 0.0454400 0.0454953 0.0478624 0.0503095 
KT206185_Human_Italy_2004_XX_XX_Rotavirus_C_Strain_G4P_2__VP1    1.7505440 1.7602175 1.6894648 1.7163659 1.7498794 1.7656863 1.7323421 0.1961615 0.2182838 0.2590328 0.2246333 0.2437743 0.2529287 0.2477125 0.2497872 0.2471830 0.0193183 0.0216708 0.0000000 0.0369576 0.0358301 0.0478739 0.0489849 0.0454539 0.0491798 0.0492400 0.0466477 0.0490899 
HQ185652_Human_China_2007_XX_XX_Rotavirus_C_Strain_NULL_VP1      1.7334220 1.7612951 1.6809633 1.7062061 1.7406509 1.7565551 1.7239365 0.2118210 0.2309928 0.2687916 0.2377099 0.2572649 0.2577799 0.2524088 0.2509055 0.2553696 0.0309534 0.0357335 0.0369576 0.0000000 0.0101160 0.0169580 0.0180673 0.0192629 0.0227643 0.0227913 0.0181199 0.0204288 
HQ185673_Human_Japan_2008_XX_XX_Rotavirus_C_Strain_NULL_VP1      1.7366323 1.7645656 1.6852919 1.7114907 1.7451315 1.7610475 1.7318923 0.2072815 0.2297199 0.2674656 0.2364283 0.2559592 0.2564521 0.2510882 0.2495853 0.2505525 0.0298258 0.0346074 0.0358301 0.0101160 0.0000000 0.0204473 0.0215579 0.0181441 0.0216430 0.0216687 0.0216207 0.0239483 
KP844860_Human_South                                             1.7526291 1.7913111 1.7010345 1.7225040 1.7592962 1.7661860 1.7425204 0.2219635 0.2380014 0.2763220 0.2483796 0.2683051 0.2654332 0.2599875 0.2584729 0.2629734 0.0417162 0.0466139 0.0478739 0.0169580 0.0204473 0.0000000 0.0101133 0.0274144 0.0309818 0.0334053 0.0286164 0.0309733 
KT284776_Human_South                                             1.7550068 1.7938440 1.7040942 1.7322707 1.7625604 1.7694603 1.7457321 0.2247670 0.2443969 0.2831083 0.2513398 0.2713333 0.2648491 0.2595009 0.2579889 0.2623967 0.0428253 0.0477238 0.0489849 0.0180673 0.0215579 0.0101133 0.0000000 0.0285233 0.0320918 0.0345168 0.0297263 0.0320830 
KP342024_Human_China_2011_XX_XX_Rotavirus_C_Strain_NULL_VP1      1.7260101 1.7452982 1.6759118 1.6924549 1.7258058 1.7327445 1.7093537 0.2166423 0.2289344 0.2666197 0.2427517 0.2624467 0.2629140 0.2575045 0.2559968 0.2604758 0.0393267 0.0417505 0.0454539 0.0192629 0.0181441 0.0274144 0.0285233 0.0000000 0.0056021 0.0101369 0.0309763 0.0333437 
KP342035_Human_China_2011_XX_XX_Rotavirus_C_Strain_NULL_VP1      1.7294348 1.7487984 1.6792578 1.6989396 1.7323628 1.7362180 1.7127898 0.2186595 0.2344975 0.2704872 0.2449074 0.2647363 0.2651786 0.2597394 0.2582264 0.2662724 0.0429952 0.0454400 0.0491798 0.0227643 0.0216430 0.0309818 0.0320918 0.0056021 0.0000000 0.0044769 0.0345757 0.0369621 
KT355386_Human_South                                             1.7123360 1.7314794 1.6715095 1.6875920 1.7150312 1.7278788 1.6954994 0.2156653 0.2314387 0.2672457 0.2418036 0.2615523 0.2620083 0.2565912 0.2550803 0.2631049 0.0430474 0.0454953 0.0492400 0.0227913 0.0216687 0.0334053 0.0345168 0.0101369 0.0044769 0.0000000 0.0346173 0.0370066 
KP776591_Human_Hungary_2013_XX_XX_Rotavirus_C_Strain_G4P_2__VP1  1.7238029 1.7517504 1.6609399 1.6867550 1.7191700 1.7370435 1.7110057 0.2253461 0.2397503 0.2782183 0.2519536 0.2719918 0.2724229 0.2669177 0.2653955 0.2699217 0.0429497 0.0478624 0.0466477 0.0181199 0.0216207 0.0286164 0.0297263 0.0309763 0.0345757 0.0346173 0.0000000 0.0022315 
KP776592_Human_Hungary_2013_XX_XX_Rotavirus_C_Strain_G4P_2__VP1  1.7144301 1.7517453 1.6516309 1.6773528 1.7097091 1.7275855 1.7015573 0.2286992 0.2431880 0.2818953 0.2554653 0.2756184 0.2724250 0.2669197 0.2653975 0.2699237 0.0453721 0.0503095 0.0490899 0.0204288 0.0239483 0.0309733 0.0320830 0.0333437 0.0369621 0.0370066 0.0022315 0.0000000 
