68
AY395070_Human_NULL_NULL_Rotavirus_C_Strain_NULL_VP4             0.0000000 0.0959032 0.0971246 0.0700808 0.1006463 0.0633253 0.0919347 0.0843741 0.0859589 0.0945126 0.1042552 0.1043783 0.1110787 0.0746181 0.1066932 0.1067066 0.1083719 0.1067037 0.1100445 0.1082883 0.1137722 0.1155904 0.1210405 0.1150706 0.0918676 0.0902967 0.0790377 0.0982304 0.1052484 0.1018611 0.1052431 0.1107622 0.1127317 0.0884359 0.0870299 0.0918708 0.0994079 0.1122483 0.1143947 3.1026040 2.7860396 3.1452624 3.0731281 3.1415880 3.0161205 2.9784527 3.1583405 3.2638581 3.6440159 3.0901543 3.1810703 3.0921103 2.9859722 2.9918889 2.9995926 2.9695664 3.1984510 3.3738443 3.4242537 3.4508498 3.4533376 3.5497402 3.3451483 3.4898054 3.4860407 3.5302729 3.6013705 3.3714389 
AM118024_Human_Spain_NULL_Rotavirus_C_Strain_NULL_VP4            0.0959032 0.0000000 0.0111112 0.0306483 0.0819088 0.0786200 0.1303479 0.1221037 0.1238575 0.1352063 0.1364540 0.1364952 0.1400818 0.1271991 0.1527971 0.1528885 0.1651493 0.1632270 0.1565538 0.1582989 0.1630001 0.1651416 0.1668885 0.1669439 0.1357324 0.1339748 0.1196144 0.1468565 0.1472335 0.1472221 0.1472202 0.1489957 0.1532631 0.1287421 0.1342608 0.1322277 0.1468724 0.1552818 0.1583712 3.1418564 2.8102157 3.1567699 3.1278858 3.2063616 2.9959867 3.0043382 3.1912161 3.2713594 3.6120913 3.1881145 3.2512862 3.1680770 3.0462877 3.0523216 3.0605618 3.0230363 3.2586480 3.3584615 3.4458298 3.5201802 3.4252530 3.5876514 3.3395288 3.5424987 3.5284311 3.5519306 3.6233812 3.3237206 
AM118026_Human_Spain_NULL_Rotavirus_C_Strain_NULL_VP4            0.0971246 0.0111112 0.0000000 0.0318862 0.0847944 0.0798477 0.1314998 0.1232798 0.1250292 0.1363515 0.1375920 0.1376352 0.1412090 0.1283601 0.1577530 0.1578551 0.1662012 0.1642859 0.1615263 0.1632795 0.1680338 0.1701947 0.1719386 0.1718018 0.1368687 0.1351160 0.1243641 0.1517623 0.1521512 0.1521345 0.1521367 0.1539153 0.1582210 0.1298926 0.1391079 0.1370623 0.1518489 0.1602779 0.1634143 3.1247215 2.8198920 3.1435625 3.1057806 3.1818045 2.9931847 3.0015257 3.1984265 3.2730751 3.6121325 3.1759309 3.2417565 3.1722471 3.0398270 3.0458515 3.0540841 3.0156066 3.2548382 3.3630525 3.4674467 3.5488992 3.4406900 3.6085291 3.3390303 3.5771464 3.5451604 3.5801685 3.6520116 3.3566903 
X79442_Human_NULL_NULL_Rotavirus_C_Strain_NULL_VP4               0.0700808 0.0306483 0.0318862 0.0000000 0.0602819 0.0543665 0.1105616 0.1026677 0.1043353 0.1115817 0.1236442 0.1201865 0.1271688 0.0989943 0.1259166 0.1259564 0.1336138 0.1318309 0.1294338 0.1275587 0.1353048 0.1372582 0.1391414 0.1389074 0.1032106 0.1015971 0.0950368 0.1225570 0.1301266 0.1264850 0.1301173 0.1318365 0.1358682 0.1065614 0.1123297 0.1067658 0.1221450 0.1358282 0.1457956 3.1537960 2.8074368 3.1463917 3.1090604 3.1720655 3.0308551 3.0481086 3.1464768 3.2471197 3.6755292 3.1599168 3.1986262 3.1232760 3.0427481 3.0487895 3.0570427 3.0013622 3.2088862 3.3862012 3.4674435 3.5272487 3.4506458 3.5991396 3.3101573 3.5419462 3.5134863 3.5599163 3.6314789 3.3700416 
X79441_Human_NULL_NULL_Rotavirus_C_Strain_NULL_VP4               0.1006463 0.0819088 0.0847944 0.0602819 0.0000000 0.0897552 0.1342182 0.1257671 0.1275394 0.1353179 0.1443292 0.1482069 0.1442171 0.1216218 0.1585653 0.1586700 0.1670918 0.1651596 0.1623709 0.1641393 0.1689413 0.1711236 0.1688196 0.1725700 0.1337803 0.1320629 0.1213919 0.1430581 0.1510920 0.1472299 0.1510777 0.1504705 0.1545944 0.1373529 0.1398242 0.1377027 0.1506957 0.1612277 0.1759287 3.0973189 2.8193828 3.1611091 3.1474605 3.2282979 3.0299973 3.0505413 3.1663289 3.2547257 3.5456991 3.1944465 3.2392600 3.1173068 3.0498082 3.0558693 3.0641442 3.0125116 3.2399432 3.3639410 3.4255898 3.5075093 3.4146368 3.5692574 3.2963318 3.5348524 3.5216213 3.5151773 3.5859938 3.3553300 
AY395069_Human_NULL_NULL_Rotavirus_C_Strain_NULL_VP4             0.0633253 0.0786200 0.0798477 0.0543665 0.0897552 0.0000000 0.0932283 0.0856770 0.0872609 0.0924695 0.1089829 0.1056685 0.1123587 0.0790506 0.1081656 0.1081807 0.1154113 0.1137133 0.1115191 0.1063505 0.1137482 0.1155637 0.1154236 0.1204882 0.0964237 0.0948414 0.0818576 0.1079954 0.1151948 0.1117259 0.1151881 0.1190054 0.1228550 0.0900274 0.0916089 0.0964243 0.1005807 0.1205546 0.1261489 3.1264334 2.8128153 3.1601783 3.0982160 3.1486058 3.0528963 3.0522471 3.1457501 3.2733232 3.6484915 3.1108222 3.1896812 3.0992576 2.9805339 2.9864178 2.9940877 2.9699798 3.1998531 3.3519661 3.3973002 3.4685283 3.4585765 3.5408374 3.3089132 3.4976145 3.5446585 3.5131961 3.5841792 3.3923793 
HQ185666_Human_Japan_2003_XX_XX_Rotavirus_C_Strain_NULL_VP4      0.0919347 0.1303479 0.1314998 0.1105616 0.1342182 0.0932283 0.0000000 0.0086530 0.0099072 0.0215178 0.0376866 0.0376608 0.0404473 0.0757316 0.1045850 0.1028001 0.1117428 0.1100614 0.1079158 0.1094950 0.1084577 0.1137233 0.1186545 0.1166420 0.0931867 0.0916171 0.0788770 0.1014542 0.1016771 0.0983167 0.1016722 0.1071147 0.1107001 0.0835081 0.0886216 0.0902060 0.1009417 0.1121053 0.1117045 3.0834850 2.8401786 3.1575921 3.1457437 3.2053522 3.0797460 3.0566728 3.2289055 3.2950883 3.6376489 3.1463725 3.2094307 3.1220247 3.0410202 3.0470363 3.0472458 3.0038978 3.2362708 3.3588394 3.4320583 3.5191135 3.4685893 3.5809048 3.3473585 3.5394795 3.5428223 3.5560382 3.6328739 3.4567308 
HQ185646_Human_China_2001_XX_XX_Rotavirus_C_Strain_NULL_VP4      0.0843741 0.1221037 0.1232798 0.1026677 0.1257671 0.0856770 0.0086530 0.0000000 0.0036976 0.0151159 0.0310307 0.0310078 0.0337510 0.0684789 0.0968568 0.0951040 0.1038667 0.1022116 0.1001269 0.1016589 0.1006275 0.1057964 0.1106260 0.1087066 0.0856378 0.0840908 0.0715557 0.0937741 0.0939816 0.0906828 0.0939776 0.0993038 0.1028131 0.0792926 0.0779213 0.0857814 0.0931750 0.1041973 0.1038373 3.0730784 2.8221922 3.1403554 3.1009165 3.1765906 3.0604046 3.0376268 3.1870813 3.2694965 3.6025832 3.1175711 3.1858126 3.0985880 3.0172013 3.0231694 3.0233884 2.9858822 3.2115566 3.3187348 3.3914350 3.4779065 3.4250071 3.5432934 3.3109180 3.5010238 3.5029915 3.5141172 3.5903739 3.4179353 
KT206183_Human_Italy_2004_XX_XX_Rotavirus_C_Strain_G4P_2__VP4    0.0859589 0.1238575 0.1250292 0.1043353 0.1275394 0.0872609 0.0099072 0.0036976 0.0000000 0.0112530 0.0323857 0.0323621 0.0351165 0.0699876 0.0984857 0.0967248 0.1055314 0.1038696 0.1017687 0.1033058 0.1022803 0.1074730 0.1123194 0.1103870 0.0872212 0.0856683 0.0730809 0.0953908 0.0956018 0.0922878 0.0955976 0.1009519 0.1044795 0.0808473 0.0826970 0.0873685 0.0914422 0.1058689 0.1055002 3.0731466 2.8322963 3.1404253 3.1009860 3.1656179 3.0604732 3.0376952 3.1871504 3.2695661 3.5937883 3.1176409 3.1858821 3.0986570 3.0172701 3.0232383 3.0234573 2.9859506 3.2116261 3.3188042 3.4025589 3.4779760 3.4250768 3.5433634 3.3109877 3.5010941 3.5143354 3.5141875 3.5904441 3.4180053 
AB499613_Human_Turkey_2005_11_24_Rotavirus_C_Strain_NULL_VP4     0.0945126 0.1352063 0.1363515 0.1115817 0.1353179 0.0924695 0.0215178 0.0151159 0.0112530 0.0000000 0.0450536 0.0450252 0.0478965 0.0780545 0.1057539 0.1039481 0.1094953 0.1078098 0.1091122 0.1106809 0.1096764 0.1150038 0.1163578 0.1179489 0.0942245 0.0926371 0.0797502 0.1025874 0.1028147 0.0994145 0.1028096 0.1065097 0.1101147 0.0876537 0.0894852 0.0943899 0.0985299 0.1132570 0.1163184 3.0622418 2.8239066 3.1249773 3.0856900 3.1613532 3.0450363 3.0331798 3.1810257 3.2569628 3.5879414 3.1051194 3.1662025 3.0807344 2.9971432 3.0030654 3.0032916 2.9683493 3.1981443 3.3184982 3.4063451 3.4730373 3.4278839 3.5486016 3.2909122 3.4911519 3.5226272 3.5085805 3.5847778 3.3979448 
AB533526_Human_Japan_2009_XX_XX_Rotavirus_C_Strain_NULL_VP4      0.1042552 0.1364540 0.1375920 0.1236442 0.1443292 0.1089829 0.0376866 0.0310307 0.0323857 0.0450536 0.0000000 0.0049334 0.0049342 0.0873359 0.1208726 0.1189982 0.1284421 0.1266832 0.1243444 0.1259603 0.1267820 0.1323534 0.1356527 0.1335261 0.1089424 0.1073022 0.0906348 0.1122763 0.1090325 0.1055845 0.1090267 0.1146251 0.1183141 0.1021432 0.1041935 0.1091410 0.1102064 0.1253604 0.1324915 3.0845841 2.8360760 3.1553423 3.0912208 3.1758432 3.0382581 3.0121510 3.1721181 3.2695904 3.6078710 3.1275821 3.1957301 3.0934600 3.0120905 3.0180497 3.0166333 2.9777166 3.2043029 3.3408422 3.4152985 3.5029329 3.4524584 3.5403507 3.3186742 3.5020534 3.5203051 3.5014075 3.5775093 3.4292311 
HQ185676_Human_Japan_2008_XX_XX_Rotavirus_C_Strain_NULL_VP4      0.1043783 0.1364952 0.1376352 0.1201865 0.1482069 0.1056685 0.0376608 0.0310078 0.0323621 0.0450252 0.0049334 0.0000000 0.0074286 0.0906948 0.1208867 0.1190095 0.1284685 0.1267066 0.1243639 0.1225189 0.1268056 0.1323868 0.1358862 0.1335614 0.1089405 0.1072985 0.0906156 0.1122785 0.1090307 0.1055789 0.1090249 0.1146304 0.1183246 0.1021339 0.1041863 0.1091394 0.1102060 0.1253817 0.1289721 3.1081005 2.8297195 3.1228870 3.0608066 3.1628852 3.0560053 3.0276201 3.1714315 3.2660380 3.6060076 3.1207475 3.1888373 3.0640848 3.0031721 3.0091117 3.0076977 2.9689015 3.1854031 3.3441175 3.4185824 3.4716198 3.4557623 3.5086489 3.3206555 3.4967895 3.5140101 3.4992745 3.5753568 3.4232824 
KP342038_Human_China_2011_XX_XX_Rotavirus_C_Strain_NULL_VP4      0.1110787 0.1400818 0.1412090 0.1271688 0.1442171 0.1123587 0.0404473 0.0337510 0.0351165 0.0478965 0.0049342 0.0074286 0.0000000 0.0938133 0.1207784 0.1189054 0.1283421 0.1265843 0.1242477 0.1258626 0.1266830 0.1322502 0.1355475 0.1334227 0.1123170 0.1106644 0.0938606 0.1156740 0.1124076 0.1089278 0.1124013 0.1180579 0.1217855 0.1054557 0.1075367 0.1125253 0.1136327 0.1288940 0.1360790 3.0873641 2.8406129 3.1553085 3.0912565 3.1758090 3.0402146 3.0141204 3.1739179 3.2742619 3.5993225 3.1275657 3.1938599 3.0915632 3.0101485 3.0161092 3.0146920 2.9757638 3.2024442 3.3395023 3.4139841 3.5016450 3.4511497 3.5390040 3.3173198 3.5006876 3.5190198 3.5000811 3.5762064 3.4274779 
AB533521_Human_Japan_2006_XX_XX_Rotavirus_C_Strain_NULL_VP4      0.0746181 0.1271991 0.1283601 0.0989943 0.1216218 0.0790506 0.0757316 0.0684789 0.0699876 0.0780545 0.0873359 0.0906948 0.0938133 0.0000000 0.0931054 0.0913813 0.0999900 0.0983604 0.0963263 0.0979596 0.1017798 0.1035228 0.1067703 0.1047698 0.0804564 0.0822533 0.0760284 0.0984843 0.1055127 0.1021208 0.1055073 0.1110323 0.1146731 0.0805482 0.0888583 0.0871256 0.1012435 0.1176908 0.1195023 3.0629313 2.8128602 3.2090775 3.1640809 3.1770165 3.0548086 3.0600397 3.2040369 3.2848931 3.5829863 3.1091424 3.1747433 3.0719992 2.9886759 2.9945827 3.0022755 2.9101028 3.1768516 3.3558867 3.4139638 3.4984889 3.4594932 3.5766641 3.3457521 3.5392608 3.5586562 3.5232456 3.5940938 3.4301886 
AB533522_Human_Japan_2008_XX_XX_Rotavirus_C_Strain_NULL_VP4      0.1066932 0.1527971 0.1577530 0.1259166 0.1585653 0.1081656 0.1045850 0.0968568 0.0984857 0.1057539 0.1208726 0.1208867 0.1207784 0.0931054 0.0000000 0.0048764 0.0123690 0.0111122 0.0024309 0.0085788 0.0136141 0.0136326 0.0149065 0.0136092 0.0720471 0.0704353 0.0471541 0.0706732 0.0739282 0.0708586 0.0739260 0.0788374 0.0820785 0.0457386 0.0559434 0.0515034 0.0682758 0.0866943 0.0882121 2.9893183 2.8102344 3.1501551 3.0693770 3.1582629 3.0473826 3.0294235 3.1888269 3.3093824 3.5663900 3.0970644 3.1268483 3.0596755 2.9604093 2.9662575 2.9738936 2.9156617 3.1483031 3.2533218 3.3270718 3.4067046 3.3717311 3.4600333 3.2276166 3.4381278 3.4383982 3.4374328 3.5142929 3.3163806 
HQ185655_Human_China_2007_XX_XX_Rotavirus_C_Strain_NULL_VP4      0.1067066 0.1528885 0.1578551 0.1259564 0.1586700 0.1081807 0.1028001 0.0951040 0.0967248 0.1039481 0.1189982 0.1190095 0.1189054 0.0913813 0.0048764 0.0000000 0.0123610 0.0111050 0.0073425 0.0085731 0.0110959 0.0123580 0.0123742 0.0136005 0.0720333 0.0704209 0.0471354 0.0706589 0.0739153 0.0708443 0.0739130 0.0788270 0.0820700 0.0457200 0.0559252 0.0543010 0.0682604 0.0867142 0.0865268 3.0012174 2.8192062 3.1658735 3.0799428 3.1741144 3.0577655 3.0397581 3.2045774 3.3218448 3.5505732 3.1102745 3.1372716 3.0714524 2.9751985 2.9810830 2.9887539 2.9269750 3.1603342 3.2655978 3.3433211 3.4193814 3.3843068 3.4728612 3.2398258 3.4549475 3.4551752 3.4542637 3.5314256 3.3288500 
AB740142_Human_Japan_2012_XX_XX_Rotavirus_C_Strain_NULL_VP4      0.1083719 0.1651493 0.1662012 0.1336138 0.1670918 0.1154113 0.1117428 0.1038667 0.1055314 0.1094953 0.1284421 0.1284685 0.1283421 0.0999900 0.0123690 0.0123610 0.0000000 0.0012142 0.0148997 0.0161525 0.0200239 0.0213269 0.0226749 0.0161554 0.0785245 0.0768677 0.0559247 0.0770097 0.0803491 0.0772124 0.0803464 0.0853851 0.0887079 0.0544567 0.0618685 0.0633124 0.0777990 0.0967734 0.0983331 2.9986512 2.8090989 3.1610306 3.0857202 3.1775700 3.0549869 3.0382960 3.2024539 3.3353811 3.5742431 3.1100875 3.1214987 3.0723930 2.9625965 2.9684565 2.9761061 2.9177669 3.1530726 3.2441680 3.3108839 3.4029153 3.3554041 3.4445506 3.2362972 3.4506126 3.4134313 3.4241474 3.5007700 3.2920292 
AB740145_Human_Japan_2012_XX_XX_Rotavirus_C_Strain_NULL_VP4      0.1067037 0.1632270 0.1642859 0.1318309 0.1651596 0.1137133 0.1100614 0.1022116 0.1038696 0.1078098 0.1266832 0.1267066 0.1265843 0.0983604 0.0111122 0.0111050 0.0012142 0.0000000 0.0136336 0.0148832 0.0187381 0.0200356 0.0213760 0.0148859 0.0769923 0.0753443 0.0544861 0.0754851 0.0788069 0.0756836 0.0788043 0.0838169 0.0871231 0.0530258 0.0604042 0.0618426 0.0762533 0.0951526 0.0967067 2.9949592 2.8054835 3.1677664 3.0818954 3.1760132 3.0512173 3.0345341 3.1985918 3.3314249 3.5726394 3.1062685 3.1281392 3.0685969 2.9690178 2.9748906 2.9825514 2.9241157 3.1597579 3.2425888 3.3093107 3.4013465 3.3538318 3.4429852 3.2347159 3.4501077 3.4118585 3.4292914 3.5059152 3.2904486 
AB533523_Human_Japan_2008_XX_XX_Rotavirus_C_Strain_NULL_VP4      0.1100445 0.1565538 0.1615263 0.1294338 0.1623709 0.1115191 0.1079158 0.1001269 0.1017687 0.1091122 0.1243444 0.1243639 0.1242477 0.0963263 0.0024309 0.0073425 0.0148997 0.0136336 0.0000000 0.0110718 0.0161515 0.0161736 0.0174582 0.0161450 0.0750739 0.0734451 0.0499761 0.0736914 0.0769804 0.0738845 0.0769779 0.0819405 0.0852141 0.0485461 0.0588477 0.0543656 0.0713056 0.0898698 0.0913984 2.9977811 2.8044454 3.1591023 3.0660120 3.1623570 3.0560527 3.0380696 3.1977692 3.3185598 3.5650279 3.1058634 3.1356854 3.0684020 2.9689570 2.9748216 2.9824720 2.9241175 3.1571822 3.2393196 3.3257100 3.3922034 3.3573576 3.4560809 3.2240442 3.4341875 3.4477956 3.4360683 3.5129366 3.3255542 
KM886900_Human_South                                             0.1082883 0.1582989 0.1632795 0.1275587 0.1641393 0.1063505 0.1094950 0.1016589 0.1033058 0.1106809 0.1259603 0.1225189 0.1258626 0.0979596 0.0085788 0.0085731 0.0161525 0.0148832 0.0110718 0.0000000 0.0174062 0.0186942 0.0136263 0.0173988 0.0765076 0.0748720 0.0513337 0.0751220 0.0784246 0.0753185 0.0784220 0.0834052 0.0866918 0.0500098 0.0602365 0.0586089 0.0727438 0.0913634 0.0897518 3.0091240 2.7898102 3.1361958 3.0563763 3.1419320 3.0516207 3.0369085 3.1852271 3.3009209 3.5760220 3.0628727 3.0981065 3.0506716 2.9516088 2.9574386 2.9650579 2.9069694 3.1391379 3.2783552 3.3397331 3.3838653 3.3974073 3.4606694 3.2223986 3.4265093 3.4271539 3.4277421 3.4895586 3.3070178 
KP776600_Human_Hungary_2013_XX_XX_Rotavirus_C_Strain_G4P_2__VP4  0.1137722 0.1630001 0.1680338 0.1353048 0.1689413 0.1137482 0.1084577 0.1006275 0.1022803 0.1096764 0.1267820 0.1268056 0.1266830 0.1017798 0.0136141 0.0110959 0.0200239 0.0187381 0.0161515 0.0174062 0.0000000 0.0036523 0.0213593 0.0212798 0.0800698 0.0784031 0.0545000 0.0786643 0.0820290 0.0788712 0.0820261 0.0871042 0.0904528 0.0530435 0.0619129 0.0618618 0.0762854 0.0952064 0.0967625 2.9758847 2.8188262 3.1771432 3.1128477 3.2077483 3.0700400 3.0478117 3.2165934 3.3570024 3.5825315 3.1400572 3.1559781 3.1036014 3.0068110 3.0127517 3.0204687 2.9477582 3.1929546 3.2944736 3.3711893 3.4600817 3.4082150 3.4934820 3.2708558 3.4832295 3.4871638 3.4954036 3.5729006 3.3526708 
KP776601_Human_Hungary_2013_XX_XX_Rotavirus_C_Strain_G4P_2__VP4  0.1155904 0.1651416 0.1701947 0.1372582 0.1711236 0.1155637 0.1137233 0.1057964 0.1074730 0.1150038 0.1323534 0.1323868 0.1322502 0.1035228 0.0136326 0.0123580 0.0213269 0.0200356 0.0161736 0.0186942 0.0036523 0.0000000 0.0226708 0.0225860 0.0816824 0.0800040 0.0559796 0.0802704 0.0836570 0.0804816 0.0836539 0.0887653 0.0921356 0.0545139 0.0634318 0.0619522 0.0778963 0.0969172 0.0984810 2.9636823 2.8093430 3.1633274 3.0992544 3.1937486 3.0486099 3.0375511 3.1946616 3.3346578 3.5962398 3.1277826 3.1390572 3.0873181 2.9908369 2.9967466 3.0044371 2.9319979 3.1764046 3.2792634 3.3557805 3.4444203 3.3926901 3.4777198 3.2557171 3.4713719 3.4713514 3.4795394 3.5568342 3.3303820 
AB648917_Human_Japan_2011_XX_XX_Rotavirus_C_Strain_NULL_VP4      0.1210405 0.1668885 0.1719386 0.1391414 0.1688196 0.1154236 0.1186545 0.1106260 0.1123194 0.1163578 0.1356527 0.1358862 0.1355475 0.1067703 0.0149065 0.0123742 0.0226749 0.0213760 0.0174582 0.0136263 0.0213593 0.0226708 0.0000000 0.0239392 0.0846523 0.0829609 0.0587910 0.0832336 0.0866473 0.0834518 0.0866440 0.0900999 0.0934741 0.0573074 0.0679596 0.0662688 0.0808777 0.1000048 0.1017198 2.9829350 2.8101170 3.1685220 3.1033465 3.1922757 3.0354119 3.0317502 3.2056258 3.3454175 3.4911699 3.0984320 3.1374361 3.0848277 2.9881354 2.9940561 3.0017633 2.9269490 3.1741061 3.2296002 3.3198272 3.4277608 3.3605954 3.4606114 3.2332904 3.4307367 3.4310200 3.4794222 3.5568856 3.3365823 
KP342027_Human_China_2011_XX_XX_Rotavirus_C_Strain_NULL_VP4      0.1150706 0.1669439 0.1718018 0.1389074 0.1725700 0.1204882 0.1166420 0.1087066 0.1103870 0.1179489 0.1335261 0.1335614 0.1334227 0.1047698 0.0136092 0.0136005 0.0161554 0.0148859 0.0161450 0.0173988 0.0212798 0.0225860 0.0239392 0.0000000 0.0829473 0.0812698 0.0572573 0.0815375 0.0849234 0.0817510 0.0849203 0.0900298 0.0933977 0.0557851 0.0632119 0.0646575 0.0791795 0.0981729 0.0997335 3.0061932 2.8069117 3.1545001 3.0729006 3.1642764 3.0624944 3.0436405 3.2083393 3.3280816 3.5756844 3.1181829 3.1461171 3.0726854 2.9755784 2.9814511 2.9891063 2.9284141 3.1483721 3.2681965 3.3340539 3.4358257 3.3668922 3.4695380 3.2455347 3.4534955 3.4518548 3.4565399 3.5334852 3.3173284 
AF323980_Human_NULL_NULL_Rotavirus_C_Strain_NULL_VP4             0.0918676 0.1357324 0.1368687 0.1032106 0.1337803 0.0964237 0.0931867 0.0856378 0.0872212 0.0942245 0.1089424 0.1089405 0.1123170 0.0804564 0.0720471 0.0720333 0.0785245 0.0769923 0.0750739 0.0765076 0.0800698 0.0816824 0.0846523 0.0829473 0.0000000 0.0110826 0.0545257 0.0771045 0.0836453 0.0804728 0.0836422 0.0887479 0.0921149 0.0556736 0.0633463 0.0573483 0.0745351 0.0900086 0.0983676 3.0853875 2.8632569 3.1570566 3.1173337 3.1793623 3.0460238 3.0559442 3.1860600 3.2638096 3.5812211 3.1547083 3.1981414 3.1340191 3.0292369 3.0352332 3.0430026 2.9819887 3.2014860 3.3037499 3.3987099 3.4666226 3.3954184 3.5210165 3.3333070 3.5276204 3.4824527 3.5496979 3.6209131 3.4313691 
AF323981_Human_NULL_NULL_Rotavirus_C_Strain_NULL_VP4             0.0902967 0.1339748 0.1351160 0.1015971 0.1320629 0.0948414 0.0916171 0.0840908 0.0856683 0.0926371 0.1073022 0.1072985 0.1106644 0.0822533 0.0704353 0.0704209 0.0768677 0.0753443 0.0734451 0.0748720 0.0784031 0.0800040 0.0829609 0.0812698 0.0110826 0.0000000 0.0531088 0.0771364 0.0836784 0.0805054 0.0836754 0.0887824 0.0921492 0.0542616 0.0619045 0.0559230 0.0730392 0.0884584 0.0967811 3.0975279 2.8836492 3.1532058 3.1083061 3.1778543 3.0468405 3.0550714 3.1850801 3.2588431 3.5785320 3.1418855 3.1858894 3.1258431 3.0196188 3.0255850 3.0333238 2.9974737 3.1897305 3.2954189 3.3836110 3.4579100 3.3868584 3.5054116 3.3256517 3.5194776 3.4625238 3.5346803 3.6057430 3.4177978 
AM118025_Human_Spain_NULL_Rotavirus_C_Strain_NULL_VP4            0.0790377 0.1196144 0.1243641 0.0950368 0.1213919 0.0818576 0.0788770 0.0715557 0.0730809 0.0797502 0.0906348 0.0906156 0.0938606 0.0760284 0.0471541 0.0471354 0.0559247 0.0544861 0.0499761 0.0513337 0.0545000 0.0559796 0.0587910 0.0572573 0.0545257 0.0531088 0.0000000 0.0516119 0.0546505 0.0517474 0.0546493 0.0592374 0.0622755 0.0319651 0.0389702 0.0375224 0.0506370 0.0712990 0.0759059 3.0673276 2.8578879 3.2048612 3.1149748 3.2230597 3.0650027 3.0529025 3.1904612 3.3101981 3.5683504 3.1389364 3.1683605 3.0949343 3.0046602 3.0106120 3.0183453 2.9758818 3.1863069 3.2997567 3.3441981 3.4490013 3.3660406 3.4817754 3.2850674 3.4932048 3.4656816 3.4956343 3.5663477 3.3811794 
JN934896_Human_Russia_2008_04_XX_Rotavirus_C_Strain_NULL_VP4     0.0982304 0.1468565 0.1517623 0.1225570 0.1430581 0.1079954 0.1014542 0.0937741 0.0953908 0.1025874 0.1122763 0.1122785 0.1156740 0.0984843 0.0706732 0.0706589 0.0770097 0.0754851 0.0736914 0.0751220 0.0786643 0.0802704 0.0832336 0.0815375 0.0771045 0.0771364 0.0516119 0.0000000 0.0174503 0.0148935 0.0174500 0.0213856 0.0240209 0.0514454 0.0472698 0.0604105 0.0577620 0.0723996 0.0802403 3.0214247 2.8290865 3.1750900 3.0749223 3.1537632 3.0585910 3.0299767 3.1991725 3.3133029 3.6298992 3.1014277 3.1861979 3.1077179 3.0228040 3.0287879 3.0365468 3.0081781 3.1946876 3.3040388 3.3922310 3.4539840 3.3858777 3.5534891 3.2769839 3.5143931 3.4766890 3.5074050 3.5776593 3.3627625 
JN934897_Human_Russia_2008_05_XX_Rotavirus_C_Strain_NULL_VP4     0.1052484 0.1472335 0.1521512 0.1301266 0.1510920 0.1151948 0.1016771 0.0939816 0.0956018 0.1028147 0.1090325 0.1090307 0.1124076 0.1055127 0.0739282 0.0739153 0.0803491 0.0788069 0.0769804 0.0784246 0.0820290 0.0836570 0.0866473 0.0849234 0.0836453 0.0836784 0.0546505 0.0174503 0.0000000 0.0048840 0.0024294 0.0061280 0.0086204 0.0574070 0.0502524 0.0635550 0.0624258 0.0725626 0.0788678 3.0243982 2.8276489 3.1609391 3.1049009 3.1843189 3.0495582 3.0273002 3.2069185 3.3199146 3.6071240 3.0945466 3.1721899 3.1013174 3.0043122 3.0102565 3.0179805 2.9866043 3.1881979 3.2848521 3.4164753 3.4626694 3.3882940 3.5287658 3.2759214 3.5190861 3.4716140 3.5243211 3.5947894 3.3908916 
KC847040_Human_Russia_2008_05_XX_Rotavirus_C_Strain_NULL_VP4     0.1018611 0.1472221 0.1521345 0.1264850 0.1472299 0.1117259 0.0983167 0.0906828 0.0922878 0.0994145 0.1055845 0.1055789 0.1089278 0.1021208 0.0708586 0.0708443 0.0772124 0.0756836 0.0738845 0.0753185 0.0788712 0.0804816 0.0834518 0.0817510 0.0804728 0.0805054 0.0517474 0.0148935 0.0048840 0.0000000 0.0048839 0.0086241 0.0111416 0.0544904 0.0473936 0.0605694 0.0594339 0.0710671 0.0788909 3.0303564 2.8333166 3.1536785 3.0977470 3.1770066 3.0425759 3.0437929 3.1996760 3.3124891 3.5992351 3.0873657 3.1540640 3.0941474 2.9972965 3.0032260 3.0109368 2.9796368 3.1809010 3.2664419 3.3976178 3.4436682 3.3695243 3.5094804 3.2575170 3.4997416 3.4639775 3.5400814 3.6107279 3.3885114 
KP735971_Human_Russia_2008_04_23_Rotavirus_C_Strain_NULL_VP4     0.1052431 0.1472202 0.1521367 0.1301173 0.1510777 0.1151881 0.1016722 0.0939776 0.0955976 0.1028096 0.1090267 0.1090249 0.1124013 0.1055073 0.0739260 0.0739130 0.0803464 0.0788043 0.0769779 0.0784220 0.0820261 0.0836539 0.0866440 0.0849203 0.0836422 0.0836754 0.0546493 0.0174500 0.0024294 0.0048839 0.0000000 0.0061279 0.0086203 0.0574056 0.0502513 0.0635534 0.0624242 0.0725604 0.0788651 3.0208745 2.8242577 3.1662108 3.1100524 3.1896444 3.0545455 3.0427000 3.2122107 3.3251033 3.6031347 3.0940573 3.1716260 3.0976798 3.0007531 3.0066898 3.0144070 2.9830699 3.1844982 3.2734998 3.4049217 3.4510541 3.3767783 3.5170163 3.2645692 3.5072950 3.4599741 3.5360299 3.6066592 3.3793401 
KP735975_Human_Russia_2009_02_21_Rotavirus_C_Strain_NULL_VP4     0.1107622 0.1489957 0.1539153 0.1318365 0.1504705 0.1190054 0.1071147 0.0993038 0.1009519 0.1065097 0.1146251 0.1146304 0.1180579 0.1110323 0.0788374 0.0788270 0.0853851 0.0838169 0.0819405 0.0834052 0.0871042 0.0887653 0.0900999 0.0900298 0.0887479 0.0887824 0.0592374 0.0213856 0.0061280 0.0086241 0.0061279 0.0000000 0.0024299 0.0620224 0.0547555 0.0682995 0.0671773 0.0774601 0.0838843 3.0128113 2.8142105 3.1731378 3.1168567 3.1946393 3.0592805 3.0474128 3.2280774 3.3390518 3.5907446 3.0817647 3.1569187 3.0862000 2.9894261 2.9953452 3.0030490 2.9718021 3.1728901 3.2690154 3.4007762 3.4464571 3.3726469 3.5123604 3.2600840 3.5026233 3.4583942 3.5313364 3.6019172 3.3747727 
JN934898_Human_Russia_2009_03_XX_Rotavirus_C_Strain_NULL_VP4     0.1127317 0.1532631 0.1582210 0.1358682 0.1545944 0.1228550 0.1107001 0.1028131 0.1044795 0.1101147 0.1183141 0.1183246 0.1217855 0.1146731 0.0820785 0.0820700 0.0887079 0.0871231 0.0852141 0.0866918 0.0904528 0.0921356 0.0934741 0.0933977 0.0921149 0.0921492 0.0622755 0.0240209 0.0086204 0.0111416 0.0086203 0.0024299 0.0000000 0.0650770 0.0577406 0.0714367 0.0703201 0.0806941 0.0871950 3.0343872 2.8311827 3.1959756 3.1409065 3.2191054 3.0828016 3.0708140 3.2421994 3.3637758 3.6166099 3.1055691 3.1809572 3.1099622 3.0127783 3.0187402 3.0264795 2.9950136 3.1969873 3.2698272 3.4016017 3.4604413 3.3734694 3.5132038 3.2570334 3.5034581 3.4592167 3.5321872 3.6027806 3.3755977 
AY795896_Human_India_NULL_Rotavirus_C_Strain_NULL_VP4            0.0884359 0.1287421 0.1298926 0.1065614 0.1373529 0.0900274 0.0835081 0.0792926 0.0808473 0.0876537 0.1021432 0.1021339 0.1054557 0.0805482 0.0457386 0.0457200 0.0544567 0.0530258 0.0485461 0.0500098 0.0530435 0.0545139 0.0573074 0.0557851 0.0556736 0.0542616 0.0319651 0.0514454 0.0574070 0.0544904 0.0574056 0.0620224 0.0650770 0.0000000 0.0347233 0.0387846 0.0490904 0.0695827 0.0712996 3.0132214 2.7946393 3.0771360 3.0351367 3.1121905 3.0294802 3.0267699 3.1621116 3.2644974 3.5872180 3.0626182 3.0643012 3.0227314 2.9345439 2.9378861 2.9479325 2.8770047 3.0998588 3.2443098 3.3522267 3.3860405 3.3356050 3.4180250 3.2151224 3.4278998 3.4099005 3.4271784 3.4968596 3.3357582 
AY795897_Human_India_NULL_Rotavirus_C_Strain_NULL_VP4            0.0870299 0.1342608 0.1391079 0.1123297 0.1398242 0.0916089 0.0886216 0.0779213 0.0826970 0.0894852 0.1041935 0.1041863 0.1075367 0.0888583 0.0559434 0.0559252 0.0618685 0.0604042 0.0588477 0.0602365 0.0619129 0.0634318 0.0679596 0.0632119 0.0633463 0.0619045 0.0389702 0.0472698 0.0502524 0.0473936 0.0502513 0.0547555 0.0577406 0.0347233 0.0000000 0.0459789 0.0392240 0.0561173 0.0606041 3.0006150 2.8020683 3.1471050 3.0818264 3.1566383 3.0184379 3.0169539 3.1761879 3.2697890 3.5550585 3.0892739 3.1332664 3.0499315 2.9621161 2.9679740 2.9756212 2.9234329 3.1463739 3.2790514 3.3570690 3.4470430 3.3475779 3.5058037 3.2628699 3.4777999 3.4328671 3.5042355 3.5749626 3.3868542 
AY795895_Human_India_NULL_Rotavirus_C_Strain_NULL_VP4            0.0918708 0.1322277 0.1370623 0.1067658 0.1377027 0.0964243 0.0902060 0.0857814 0.0873685 0.0943899 0.1091410 0.1091394 0.1125253 0.0871256 0.0515034 0.0543010 0.0633124 0.0618426 0.0543656 0.0586089 0.0618618 0.0619522 0.0662688 0.0646575 0.0573483 0.0559230 0.0375224 0.0604105 0.0635550 0.0605694 0.0635534 0.0682995 0.0714367 0.0387846 0.0459789 0.0000000 0.0549974 0.0759229 0.0805908 3.0367391 2.8030839 3.0906577 3.0258674 3.1021573 2.9699650 2.9717577 3.1779474 3.2760886 3.5932213 3.0465125 3.0916600 3.0190511 2.9146076 2.9203590 2.9279053 2.8856122 3.0842726 3.2512726 3.3776786 3.4087396 3.3431355 3.5158199 3.2498719 3.4802574 3.4481770 3.4799706 3.5370979 3.3772015 
HQ185635_Human_Bangladesh_2005_XX_XX_Rotavirus_C_Strain_NULL_VP4 0.0994079 0.1468724 0.1518489 0.1221450 0.1506957 0.1005807 0.1009417 0.0931750 0.0914422 0.0985299 0.1102064 0.1102060 0.1136327 0.1012435 0.0682758 0.0682604 0.0777990 0.0762533 0.0713056 0.0727438 0.0762854 0.0778963 0.0808777 0.0791795 0.0745351 0.0730392 0.0506370 0.0577620 0.0624258 0.0594339 0.0624242 0.0671773 0.0703201 0.0490904 0.0392240 0.0549974 0.0000000 0.0564800 0.0580289 3.0677783 2.8544643 3.1596833 3.0792569 3.1463911 3.0379122 3.0558843 3.2141312 3.2803163 3.5800919 3.1419309 3.1905802 3.1256113 3.0556783 3.0617380 3.0656297 2.9748638 3.2236358 3.3039712 3.4491233 3.4671796 3.3832273 3.5523666 3.2715715 3.4927048 3.4747314 3.5465750 3.6175779 3.4288213 
HQ896713_Human_South                                             0.1122483 0.1552818 0.1602779 0.1358282 0.1612277 0.1205546 0.1121053 0.1041973 0.1058689 0.1132570 0.1253604 0.1253817 0.1288940 0.1176908 0.0866943 0.0867142 0.0967734 0.0951526 0.0898698 0.0913634 0.0952064 0.0969172 0.1000048 0.0981729 0.0900086 0.0884584 0.0712990 0.0723996 0.0725626 0.0710671 0.0725604 0.0774601 0.0806941 0.0695827 0.0561173 0.0759229 0.0564800 0.0000000 0.0445383 3.0842481 2.8196417 3.1966548 3.1280931 3.2109007 3.0266318 3.0821928 3.2466639 3.3108022 3.5385350 3.1554054 3.1924167 3.1218450 3.0408363 3.0468637 3.0546628 2.9881507 3.2201417 3.3276763 3.4465476 3.5022368 3.4168015 3.5408339 3.3240121 3.5364438 3.4867354 3.5150364 3.5913487 3.4503197 
KT206194_Human_Italy_2012_XX_XX_Rotavirus_C_Strain_G4P_2__VP4    0.1143947 0.1583712 0.1634143 0.1457956 0.1759287 0.1261489 0.1117045 0.1038373 0.1055002 0.1163184 0.1324915 0.1289721 0.1360790 0.1195023 0.0882121 0.0865268 0.0983331 0.0967067 0.0913984 0.0897518 0.0967625 0.0984810 0.1017198 0.0997335 0.0983676 0.0967811 0.0759059 0.0802403 0.0788678 0.0788909 0.0788651 0.0838843 0.0871950 0.0712996 0.0606041 0.0805908 0.0580289 0.0445383 0.0000000 3.0561190 2.7664677 3.0896258 3.0350387 3.1111514 3.0096148 3.0418512 3.2163373 3.2640303 3.5086527 3.1019946 3.1390097 3.0714504 2.9924776 2.9983970 3.0077378 2.9234166 3.1777471 3.2995716 3.4460637 3.4159607 3.3606960 3.5059559 3.2884983 3.4845394 3.4357713 3.5187756 3.5878714 3.4345937 
AB905234_Pig_Japan_2002_06_XX_Rotavirus_C_Strain_NULL_VP4        3.1026040 3.1418564 3.1247215 3.1537960 3.0973189 3.1264334 3.0834850 3.0730784 3.0731466 3.0622418 3.0845841 3.1081005 3.0873641 3.0629313 2.9893183 3.0012174 2.9986512 2.9949592 2.9977811 3.0091240 2.9758847 2.9636823 2.9829350 3.0061932 3.0853875 3.0975279 3.0673276 3.0214247 3.0243982 3.0303564 3.0208745 3.0128113 3.0343872 3.0132214 3.0006150 3.0367391 3.0677783 3.0842481 3.0561190 0.0000000 1.4033780 2.0565697 2.0863714 2.1967668 1.9592398 1.9638280 2.2872389 2.2062012 2.4623117 2.2655374 2.3949610 2.3275174 2.2866910 2.3135172 2.2968649 2.3260189 2.4769313 2.4213674 2.5076076 2.4955937 2.5302623 2.5352067 2.5336326 2.4555016 2.5501601 2.4927595 2.4816785 2.5745231 
M74218_Pig_NULL_NULL_Rotavirus_C_Strain_NULL_VP4                 2.7860396 2.8102157 2.8198920 2.8074368 2.8193828 2.8128153 2.8401786 2.8221922 2.8322963 2.8239066 2.8360760 2.8297195 2.8406129 2.8128602 2.8102344 2.8192062 2.8090989 2.8054835 2.8044454 2.7898102 2.8188262 2.8093430 2.8101170 2.8069117 2.8632569 2.8836492 2.8578879 2.8290865 2.8276489 2.8333166 2.8242577 2.8142105 2.8311827 2.7946393 2.8020683 2.8030839 2.8544643 2.8196417 2.7664677 1.4033780 0.0000000 1.9226114 1.9257844 2.0285822 1.9179499 1.8475506 2.2061277 2.0025748 2.3754875 2.2770868 2.1536566 2.2635570 2.3038662 2.3194658 2.2855688 2.2783914 2.3485300 2.3243878 2.3983887 2.4323816 2.4781556 2.5254358 2.4021203 2.4193400 2.3650635 2.4812914 2.5235460 2.4535725 
AB905236_Pig_Japan_2002_10_XX_Rotavirus_C_Strain_NULL_VP4        3.1452624 3.1567699 3.1435625 3.1463917 3.1611091 3.1601783 3.1575921 3.1403554 3.1404253 3.1249773 3.1553423 3.1228870 3.1553085 3.2090775 3.1501551 3.1658735 3.1610306 3.1677664 3.1591023 3.1361958 3.1771432 3.1633274 3.1685220 3.1545001 3.1570566 3.1532058 3.2048612 3.1750900 3.1609391 3.1536785 3.1662108 3.1731378 3.1959756 3.0771360 3.1471050 3.0906577 3.1596833 3.1966548 3.0896258 2.0565697 1.9226114 0.0000000 0.3240343 0.4190473 0.9801729 0.9635494 1.3140450 1.3634589 2.6583050 2.3894874 2.4754901 2.4370644 2.3886810 2.3950554 2.4049168 2.4534424 2.4110963 2.6002372 2.5805565 2.5588994 2.6427774 2.6546363 2.5490904 2.7434179 2.5636230 2.6491501 2.6469059 2.7588507 
AB905239_Pig_Japan_2003_08_XX_Rotavirus_C_Strain_NULL_VP4        3.0731281 3.1278858 3.1057806 3.1090604 3.1474605 3.0982160 3.1457437 3.1009165 3.1009860 3.0856900 3.0912208 3.0608066 3.0912565 3.1640809 3.0693770 3.0799428 3.0857202 3.0818954 3.0660120 3.0563763 3.1128477 3.0992544 3.1033465 3.0729006 3.1173337 3.1083061 3.1149748 3.0749223 3.1049009 3.0977470 3.1100524 3.1168567 3.1409065 3.0351367 3.0818264 3.0258674 3.0792569 3.1280931 3.0350387 2.0863714 1.9257844 0.3240343 0.0000000 0.4114870 0.9155663 0.8882232 1.3025748 1.3076861 2.5874916 2.3633416 2.4105721 2.3996134 2.3959591 2.4049851 2.4189210 2.3776452 2.3538358 2.6232820 2.6873812 2.6056445 2.7024257 2.7833619 2.5889640 2.7095092 2.6087695 2.6921254 2.6984196 2.7282087 
KJ814471_Pig_South                                               3.1415880 3.2063616 3.1818045 3.1720655 3.2282979 3.1486058 3.2053522 3.1765906 3.1656179 3.1613532 3.1758432 3.1628852 3.1758090 3.1770165 3.1582629 3.1741144 3.1775700 3.1760132 3.1623570 3.1419320 3.2077483 3.1937486 3.1922757 3.1642764 3.1793623 3.1778543 3.2230597 3.1537632 3.1843189 3.1770066 3.1896444 3.1946393 3.2191054 3.1121905 3.1566383 3.1021573 3.1463911 3.2109007 3.1111514 2.1967668 2.0285822 0.4190473 0.4114870 0.0000000 1.0410398 0.9802854 1.3368126 1.3778151 2.6456278 2.4268372 2.5730960 2.4773783 2.3894899 2.3927769 2.3920931 2.4231398 2.4975844 2.7244264 2.7328167 2.7101324 2.8105344 2.8597445 2.7261074 2.8271915 2.7102691 2.6961556 2.6987123 2.8557238 
AB905242_Pig_Japan_2008_07_XX_Rotavirus_C_Strain_NULL_VP4        3.0161205 2.9959867 2.9931847 3.0308551 3.0299973 3.0528963 3.0797460 3.0604046 3.0604732 3.0450363 3.0382581 3.0560053 3.0402146 3.0548086 3.0473826 3.0577655 3.0549869 3.0512173 3.0560527 3.0516207 3.0700400 3.0486099 3.0354119 3.0624944 3.0460238 3.0468405 3.0650027 3.0585910 3.0495582 3.0425759 3.0545455 3.0592805 3.0828016 3.0294802 3.0184379 2.9699650 3.0379122 3.0266318 3.0096148 1.9592398 1.9179499 0.9801729 0.9155663 1.0410398 0.0000000 0.1526822 1.2804944 1.3593914 2.4690696 2.3936253 2.4211730 2.4988411 2.3470528 2.3529875 2.3621729 2.3847236 2.5269736 2.5231283 2.6027526 2.5961248 2.6094572 2.6510007 2.5255305 2.7374986 2.5723170 2.6176257 2.6516235 2.6953816 
AB905244_Pig_Japan_2008_09_XX_Rotavirus_C_Strain_NULL_VP4        2.9784527 3.0043382 3.0015257 3.0481086 3.0505413 3.0522471 3.0566728 3.0376268 3.0376952 3.0331798 3.0121510 3.0276201 3.0141204 3.0600397 3.0294235 3.0397581 3.0382960 3.0345341 3.0380696 3.0369085 3.0478117 3.0375511 3.0317502 3.0436405 3.0559442 3.0550714 3.0529025 3.0299767 3.0273002 3.0437929 3.0427000 3.0474128 3.0708140 3.0267699 3.0169539 2.9717577 3.0558843 3.0821928 3.0418512 1.9638280 1.8475506 0.9635494 0.8882232 0.9802854 0.1526822 0.0000000 1.2321252 1.2714626 2.4843393 2.3689505 2.4006899 2.4876379 2.3467882 2.3526990 2.3633549 2.3626180 2.5115507 2.5410100 2.6077166 2.5861997 2.5983397 2.6609186 2.4741813 2.7399969 2.5158865 2.6295642 2.6584503 2.6934600 
KJ814475_Pig_South                                               3.1583405 3.1912161 3.1984265 3.1464768 3.1663289 3.1457501 3.2289055 3.1870813 3.1871504 3.1810257 3.1721181 3.1714315 3.1739179 3.2040369 3.1888269 3.2045774 3.2024539 3.1985918 3.1977692 3.1852271 3.2165934 3.1946616 3.2056258 3.2083393 3.1860600 3.1850801 3.1904612 3.1991725 3.2069185 3.1996760 3.2122107 3.2280774 3.2421994 3.1621116 3.1761879 3.1779474 3.2141312 3.2466639 3.2163373 2.2872389 2.2061277 1.3140450 1.3025748 1.3368126 1.2804944 1.2321252 0.0000000 0.8750908 2.6117396 2.6646302 2.7138556 2.5439073 2.6133557 2.6185985 2.6177747 2.6053939 2.7658895 2.8979309 2.9899552 2.9391547 3.0095563 2.7654733 2.8954075 2.9361565 2.9423932 2.8629994 2.8715620 2.9825523 
KM099263_Pig_Czech                                               3.2638581 3.2713594 3.2730751 3.2471197 3.2547257 3.2733232 3.2950883 3.2694965 3.2695661 3.2569628 3.2695904 3.2660380 3.2742619 3.2848931 3.3093824 3.3218448 3.3353811 3.3314249 3.3185598 3.3009209 3.3570024 3.3346578 3.3454175 3.3280816 3.2638096 3.2588431 3.3101981 3.3133029 3.3199146 3.3124891 3.3251033 3.3390518 3.3637758 3.2644974 3.2697890 3.2760886 3.2803163 3.3108022 3.2640303 2.2062012 2.0025748 1.3634589 1.3076861 1.3778151 1.3593914 1.2714626 0.8750908 0.0000000 2.4859377 2.6883456 2.7219662 2.6246326 2.5935482 2.6004002 2.6175038 2.5660783 2.7332839 2.7170259 2.8759004 2.7580943 2.8407420 2.7560298 2.8555517 2.9400781 2.7866555 2.7769457 2.8246266 2.8543367 
KM099262_Pig_Czech                                               3.6440159 3.6120913 3.6121325 3.6755292 3.5456991 3.6484915 3.6376489 3.6025832 3.5937883 3.5879414 3.6078710 3.6060076 3.5993225 3.5829863 3.5663900 3.5505732 3.5742431 3.5726394 3.5650279 3.5760220 3.5825315 3.5962398 3.4911699 3.5756844 3.5812211 3.5785320 3.5683504 3.6298992 3.6071240 3.5992351 3.6031347 3.5907446 3.6166099 3.5872180 3.5550585 3.5932213 3.5800919 3.5385350 3.5086527 2.4623117 2.3754875 2.6583050 2.5874916 2.6456278 2.4690696 2.4843393 2.6117396 2.4859377 0.0000000 2.6614425 2.7090704 2.6176523 2.6882660 2.7013789 2.6553197 2.5641664 2.8462020 2.5628425 2.5950182 2.6707686 2.7151987 2.7375518 2.6477822 2.7950716 2.7464700 2.8029363 2.8580516 2.8291724 
AB905235_Pig_Japan_2002_09_XX_Rotavirus_C_Strain_NULL_VP4        3.0901543 3.1881145 3.1759309 3.1599168 3.1944465 3.1108222 3.1463725 3.1175711 3.1176409 3.1051194 3.1275821 3.1207475 3.1275657 3.1091424 3.0970644 3.1102745 3.1100875 3.1062685 3.1058634 3.0628727 3.1400572 3.1277826 3.0984320 3.1181829 3.1547083 3.1418855 3.1389364 3.1014277 3.0945466 3.0873657 3.0940573 3.0817647 3.1055691 3.0626182 3.0892739 3.0465125 3.1419309 3.1554054 3.1019946 2.2655374 2.2770868 2.3894874 2.3633416 2.4268372 2.3936253 2.3689505 2.6646302 2.6883456 2.6614425 0.0000000 0.5706791 0.6721565 0.7042030 0.7080932 0.6998867 0.7023901 0.7460310 2.5964998 2.6993516 2.6253849 2.7488476 2.7849557 2.6834264 2.7709214 2.5621896 2.7298654 2.6890709 2.5627280 
AB905243_Pig_Japan_2008_09_XX_Rotavirus_C_Strain_G2P_X__VP4      3.1810703 3.2512862 3.2417565 3.1986262 3.2392600 3.1896812 3.2094307 3.1858126 3.1858821 3.1662025 3.1957301 3.1888373 3.1938599 3.1747433 3.1268483 3.1372716 3.1214987 3.1281392 3.1356854 3.0981065 3.1559781 3.1390572 3.1374361 3.1461171 3.1981414 3.1858894 3.1683605 3.1861979 3.1721899 3.1540640 3.1716260 3.1569187 3.1809572 3.0643012 3.1332664 3.0916600 3.1905802 3.1924167 3.1390097 2.3949610 2.1536566 2.4754901 2.4105721 2.5730960 2.4211730 2.4006899 2.7138556 2.7219662 2.7090704 0.5706791 0.0000000 0.5898580 0.6691915 0.6734874 0.6507502 0.5980978 0.7299604 2.5969391 2.5826958 2.5767875 2.6750478 2.6671670 2.4998682 2.6133318 2.4827456 2.6951246 2.6817944 2.4796825 
AB905238_Pig_Japan_2002_11_XX_Rotavirus_C_Strain_NULL_VP4        3.0921103 3.1680770 3.1722471 3.1232760 3.1173068 3.0992576 3.1220247 3.0985880 3.0986570 3.0807344 3.0934600 3.0640848 3.0915632 3.0719992 3.0596755 3.0714524 3.0723930 3.0685969 3.0684020 3.0506716 3.1036014 3.0873181 3.0848277 3.0726854 3.1340191 3.1258431 3.0949343 3.1077179 3.1013174 3.0941474 3.0976798 3.0862000 3.1099622 3.0227314 3.0499315 3.0190511 3.1256113 3.1218450 3.0714504 2.3275174 2.2635570 2.4370644 2.3996134 2.4773783 2.4988411 2.4876379 2.5439073 2.6246326 2.6176523 0.6721565 0.5898580 0.0000000 0.2421777 0.2446500 0.2377869 0.2817862 0.4448009 2.6398371 2.6169494 2.5020065 2.7002912 2.6638468 2.6216223 2.7629055 2.5863840 2.6746671 2.6742017 2.5083451 
AB905245_Pig_Japan_2008_10_XX_Rotavirus_C_Strain_G7P_X__VP4      2.9859722 3.0462877 3.0398270 3.0427481 3.0498082 2.9805339 3.0410202 3.0172013 3.0172701 2.9971432 3.0120905 3.0031721 3.0101485 2.9886759 2.9604093 2.9751985 2.9625965 2.9690178 2.9689570 2.9516088 3.0068110 2.9908369 2.9881354 2.9755784 3.0292369 3.0196188 3.0046602 3.0228040 3.0043122 2.9972965 3.0007531 2.9894261 3.0127783 2.9345439 2.9621161 2.9146076 3.0556783 3.0408363 2.9924776 2.2866910 2.3038662 2.3886810 2.3959591 2.3894899 2.3470528 2.3467882 2.6133557 2.5935482 2.6882660 0.7042030 0.6691915 0.2421777 0.0000000 0.0061497 0.0136927 0.2384581 0.4878728 2.6125984 2.6448165 2.5400583 2.6370975 2.7042680 2.6164421 2.8336754 2.5868843 2.6565980 2.6614549 2.5450772 
