113
AB499614_Human_Turkey_2005_11_24_Rotavirus_C_Strain_NULL_VP6     0.0000000 0.0299271 0.0299169 0.0130325 0.0265446 0.0334093 0.0335018 0.0439002 0.0407433 0.0403854 0.0335741 0.0550801 0.0369767 0.0369890 0.0513333 0.0476350 0.0264053 0.0700314 0.0440606 0.0972671 0.0931104 0.0891760 0.0936517 0.1091645 0.0855238 0.1092394 0.1096488 0.1052640 0.1010553 0.1093850 0.1020087 0.1269005 0.1227942 0.1144462 0.0898818 0.0980856 0.1448133 0.1442492 0.0980251 0.1317072 0.0890513 0.0775413 2.0744544 2.0611754 2.3014113 2.2041182 2.1477118 2.0590335 2.1248530 1.9991497 1.9623204 1.9284536 1.9467652 1.9771160 2.0327654 1.9900251 2.0201849 2.0303314 2.2048863 2.0277987 1.9957806 1.9950688 2.0952780 2.1141414 2.3455300 2.3141139 2.4843621 2.4855458 2.2444567 2.1891604 2.0735028 1.8941118 2.2363877 2.2012910 2.0278119 2.1908687 2.2191614 2.2354497 2.1392598 2.1848209 2.2596310 2.1987677 2.2635000 2.1117033 2.1924521 2.3672027 2.3460576 2.0598361 2.0532848 2.0676198 2.2519810 2.1019182 2.1011483 2.1579675 2.1707703 2.0390886 1.9240539 2.0210053 2.0626864 2.1246715 2.1056842 2.0754504 2.0659435 1.9891757 1.9546146 2.0049133 2.0162958 2.0184140 2.0449295 1.9582867 3.0350986 2.2077947 2.3347947 
EF641110_Human_Thailand_NULL_Rotavirus_C_Strain_NULL_VP6         0.0299271 0.0000000 0.0129333 0.0229612 0.0229823 0.0229393 0.0298306 0.0296443 0.0369445 0.0297045 0.0298947 0.0510697 0.0332557 0.0332665 0.0473884 0.0437531 0.0296526 0.0583146 0.0332313 0.0846345 0.0806439 0.0768443 0.0811017 0.1042947 0.0732783 0.1043556 0.1047401 0.1004393 0.0963118 0.1044928 0.0891322 0.1129867 0.1091728 0.1011212 0.0774345 0.0853321 0.1303735 0.1296847 0.0852738 0.1177323 0.0767239 0.0731779 1.9730487 1.9599308 2.2499807 2.1212269 2.0659529 1.9121714 1.9763260 2.0111041 1.9134589 1.8272714 1.8764345 1.9068634 1.9733787 1.8877787 1.9467348 1.9647578 2.0838688 1.9732437 1.9416091 1.9411855 1.9841743 1.9948897 2.2414768 2.2231727 2.3684205 2.3698060 2.1068577 2.0935323 1.9456761 1.8342626 2.1427642 2.0642378 1.9738195 2.0768329 2.1040765 2.1340558 2.0356382 2.0540314 2.1674832 2.0483913 2.1131809 1.9601305 2.0408589 2.2586516 2.2161421 1.9582956 1.9515297 1.9332424 2.1615135 2.0484843 2.0224362 2.1064520 2.1185510 1.9904391 1.8766143 1.9722257 2.0145585 2.0744264 2.0565448 2.0263968 1.9731809 1.9604213 1.8915489 1.9187483 1.9300030 1.9292569 1.9879055 1.8987838 2.9459880 2.1585746 2.2829461 
GU199224_Human_South                                             0.0299169 0.0129333 0.0000000 0.0229532 0.0229743 0.0229313 0.0298204 0.0296343 0.0369323 0.0296945 0.0298846 0.0510539 0.0332445 0.0332554 0.0473735 0.0437391 0.0296425 0.0582972 0.0332202 0.0846132 0.0806231 0.0768239 0.0810807 0.1042727 0.0732583 0.1043335 0.1047180 0.1004172 0.0962899 0.1044708 0.0891105 0.1129648 0.1091508 0.1010990 0.0696667 0.0853107 0.1303534 0.1296646 0.0852524 0.1091873 0.0767036 0.0731580 2.0035324 1.9903342 2.2608757 2.1316523 2.0761076 1.9562180 2.0210688 2.0208116 1.9226242 1.8682419 1.8855644 1.9160722 1.9827771 1.9339259 1.9554526 1.9741434 2.1621631 2.0039197 1.9720631 1.9714776 2.0521937 2.0730499 2.3096527 2.2239999 2.4517738 2.4530054 2.1717263 2.1248866 2.0095073 1.8613705 2.1751310 2.1167121 2.0034905 2.1091080 2.1407903 2.1669658 2.0671677 2.0859827 2.1994059 2.1134854 2.1783170 2.0256131 2.1012916 2.2919038 2.2169626 1.9887873 1.9820710 1.9932566 2.2245402 2.1115485 2.0856246 2.1681800 2.1808929 2.0207322 1.9059000 2.0027147 2.0395978 2.1051817 2.0867363 2.0567181 2.0377442 1.9899055 1.9313446 1.9467911 1.9580870 1.9577644 2.0179044 1.9286528 2.9873396 2.1856108 2.3109749 
KT206184_Human_Italy_2004_XX_XX_Rotavirus_C_Strain_G4P_2__VP6    0.0130325 0.0229612 0.0229532 0.0000000 0.0196404 0.0263635 0.0264358 0.0400993 0.0334828 0.0331923 0.0264928 0.0475167 0.0298390 0.0298487 0.0367562 0.0402632 0.0195375 0.0546598 0.0297875 0.0807749 0.0768225 0.0730525 0.0772567 0.0922148 0.0695029 0.0922865 0.0926178 0.0884521 0.0844545 0.0924058 0.0852129 0.1088850 0.1050946 0.0971049 0.0736101 0.0814384 0.1261252 0.1254599 0.0813810 0.1135777 0.0729342 0.0618861 1.9773721 1.9642622 2.2017712 2.1043871 2.0493884 1.9963440 2.0611157 1.9457765 1.8980250 1.8496146 1.8665801 1.8970459 1.9577638 1.9091131 1.9608277 1.9617153 2.1478552 1.9775932 1.9459747 1.9455286 1.9975287 2.0210357 2.2552668 2.2347948 2.3966214 2.3979536 2.1508107 2.1042772 1.9892760 1.8132140 2.1538528 2.1080970 1.9524171 2.0879437 2.1154175 2.1397188 2.0463087 2.0912058 2.1788684 2.1184628 2.1828463 2.0312792 2.1115449 2.2700346 2.2542766 1.9687592 1.9620113 2.0111011 2.1734010 2.0422469 2.0416444 2.1007964 2.1129311 1.9687756 1.8543818 1.9563204 1.9935000 2.0533596 2.0356770 2.0180529 1.9928869 1.9217071 1.8913097 1.9399968 1.9513003 1.9508739 1.9747976 1.8894625 2.9401353 2.1449551 2.2691377 
HQ185656_Human_China_2007_XX_XX_Rotavirus_C_Strain_NULL_VP6      0.0265446 0.0229823 0.0229743 0.0196404 0.0000000 0.0064117 0.0064290 0.0194960 0.0130237 0.0129133 0.0064430 0.0263946 0.0096744 0.0096773 0.0229644 0.0195755 0.0263013 0.0546986 0.0298126 0.0808199 0.0768670 0.0730965 0.0773015 0.1003293 0.0695464 0.0882404 0.0885539 0.0844393 0.0804896 0.0883536 0.0852584 0.1006346 0.0968996 0.0890512 0.0736545 0.0814838 0.1175349 0.1169187 0.0814264 0.1136182 0.0729781 0.0694502 1.9541382 1.9410144 2.2122016 2.0720369 2.0173225 1.9298944 1.9940400 1.9949644 1.8674515 1.8136285 1.8299909 1.8605189 1.9271196 1.8783534 1.9327748 1.9184284 2.1145597 1.9455024 1.9139352 1.9136570 2.0152826 2.0378241 2.2971693 2.2061758 2.3870548 2.3884006 2.0881350 2.0779654 1.9632600 1.7839263 2.1267533 2.0816192 1.9520905 2.0545047 2.0818026 2.1505298 2.0254611 2.0915224 2.1828263 2.1222906 2.1868059 2.0349459 2.0786257 2.2423444 2.2201486 1.9183159 1.9114355 2.0103028 2.1655356 2.0518303 2.0512038 2.1100718 2.1222788 1.9485644 1.8343527 1.9297835 1.9737102 2.0331878 2.0158074 1.9850273 1.9908599 1.9199088 1.8896694 1.9094261 1.9207475 1.9198559 1.9728822 1.8568127 2.9165549 2.1055348 2.2284736 
AB533513_Human_Japan_2009_XX_XX_Rotavirus_C_Strain_NULL_VP6      0.0334093 0.0229393 0.0229313 0.0263635 0.0064117 0.0000000 0.0129422 0.0128959 0.0196659 0.0064067 0.0129702 0.0332184 0.0162304 0.0162354 0.0297258 0.0262761 0.0331018 0.0619860 0.0366894 0.0885225 0.0844910 0.0806595 0.0849731 0.1083482 0.0770757 0.0960314 0.0963782 0.0921796 0.0881508 0.0961559 0.0930835 0.1086989 0.1049136 0.0969356 0.0812834 0.0892552 0.1259152 0.1252517 0.0891961 0.1219472 0.0805376 0.0769711 1.9276606 1.9145151 2.1857709 2.0837247 2.0287004 1.9410313 2.0055401 1.9764724 1.8727459 1.7881011 1.8041040 1.8708075 1.9087599 1.8527209 1.9143087 1.8929303 2.0880258 1.9512392 1.9195933 1.9192847 1.9870388 2.0110187 2.2698165 2.2190241 2.3959622 2.3972935 2.0826555 2.0724806 1.9574362 1.8140945 2.1225050 2.0933478 1.9834685 2.0930278 2.1204044 2.1629606 2.0635261 2.0977482 2.2140464 2.1284891 2.1930859 2.0467827 2.0847766 2.2488235 2.2267536 1.9139332 1.9070205 2.0211095 2.2015288 2.0830208 2.0570930 2.1401518 2.1525641 1.9803588 1.8664205 1.9620095 2.0047235 2.0644969 2.0521286 2.0164390 1.9967702 1.9511449 1.8948003 1.9394751 1.9507121 1.9502804 1.9785353 1.8892178 2.9246171 2.0867915 2.2349735 
KP776603_Human_Hungary_2013_XX_XX_Rotavirus_C_Strain_G4P_2__VP6  0.0335018 0.0298306 0.0298204 0.0264358 0.0064290 0.0129422 0.0000000 0.0262407 0.0197198 0.0195513 0.0130055 0.0333099 0.0032045 0.0162796 0.0298073 0.0263479 0.0331926 0.0621598 0.0367906 0.0887728 0.0847292 0.0808867 0.0852140 0.1086556 0.0772931 0.0963023 0.0966511 0.0924398 0.0883988 0.0964275 0.0854652 0.1008847 0.1052131 0.0972120 0.0815140 0.0895095 0.1262764 0.1258841 0.0896920 0.1139084 0.0807644 0.0771880 1.9659377 1.9527778 2.1937691 2.0532129 1.9984380 1.9104237 1.9746925 1.9763635 1.8703403 1.7948255 1.8109706 1.8417100 1.9087054 1.8596575 1.9142487 1.9067662 2.0958282 1.9510327 1.9193646 1.9190570 1.9950783 2.0187091 2.2782856 2.1868273 2.3747315 2.3761034 2.0761126 2.0659778 1.9821170 1.7726144 2.1459847 2.1005158 1.9401997 2.0420091 2.0692823 2.1381167 2.0131132 2.0791722 2.1707781 2.1101424 2.1747844 2.0225280 2.0663608 2.2301684 2.2076475 1.9519813 1.9452288 2.0128394 2.1776716 2.0543744 2.0537428 2.0921433 2.1042281 1.9602994 1.8456441 1.9415904 1.9852688 2.0451327 2.0275268 2.0180694 1.9646275 1.8945782 1.8656669 1.8850690 1.8964467 1.8951770 1.9475778 1.8305868 2.8891470 2.1080191 2.2307095 
KP342039_Human_China_2011_XX_XX_Rotavirus_C_Strain_NULL_VP6      0.0439002 0.0296443 0.0296343 0.0400993 0.0194960 0.0128959 0.0262407 0.0000000 0.0332340 0.0063782 0.0262970 0.0436249 0.0296188 0.0296283 0.0400371 0.0364941 0.0470000 0.0692436 0.0435872 0.0961262 0.0920273 0.0881450 0.0925556 0.1162053 0.0845375 0.1119331 0.1123502 0.1079854 0.1037944 0.1120812 0.1007961 0.1165858 0.1127791 0.1046966 0.0888337 0.0969253 0.1340704 0.1333629 0.0968655 0.1300662 0.0880218 0.0844254 1.9616764 1.9485806 2.2193400 2.1175445 2.0624744 1.9432430 2.0075495 2.0097926 1.9055842 1.8211376 1.8375754 1.9039870 1.9106189 1.8857794 1.9473123 1.9257471 2.1218627 1.9530329 1.9214957 1.9211782 2.0363407 2.0577936 2.2790831 2.1946866 2.4432443 2.4444823 2.1163693 2.1061064 1.9916306 1.8456397 2.1232226 2.1395177 2.0165182 2.0947794 2.1220767 2.1645083 2.0653461 2.0994803 2.2153881 2.1301023 2.1944965 2.0486835 2.0865358 2.2491464 2.2281211 1.9480942 1.9413140 2.0229392 2.2339236 2.1160730 2.0903720 2.1721619 2.1848145 2.0138377 1.8999973 1.9958962 2.0374425 2.0976375 2.0848881 2.0495844 2.0435682 1.9958950 1.9262370 1.9415000 1.9527014 1.9522998 1.9917122 1.9005629 2.9754379 2.1210476 2.2692548 
KT284781_Human_South                                             0.0407433 0.0369445 0.0369323 0.0334828 0.0130237 0.0196659 0.0197198 0.0332340 0.0000000 0.0264100 0.0064632 0.0405058 0.0230824 0.0230898 0.0369156 0.0333703 0.0403635 0.0700270 0.0440647 0.0891002 0.0850399 0.0811821 0.0855282 0.1090636 0.0775753 0.0966585 0.0970100 0.0927810 0.0887231 0.0967846 0.0936967 0.1094205 0.1141180 0.1059304 0.0898641 0.0938126 0.1310757 0.1349706 0.0897828 0.1316396 0.0890344 0.0775345 1.9631123 1.9499912 2.2079834 2.0678774 2.0132062 1.9578242 2.0224960 1.9909321 1.8329820 1.8097275 1.8260291 1.8565728 1.9231936 1.9046342 1.9510110 1.9144950 2.1103763 1.9413901 1.9098312 1.9095746 1.9767938 2.0012490 2.3282288 2.1680004 2.3490040 2.3504277 2.0637959 2.0856446 1.9708797 1.7508096 2.1346525 2.0893461 1.9281662 2.0292449 2.0564630 2.1253350 2.0005319 2.0665166 2.1907020 2.1301402 2.1946701 2.0428332 2.0743918 2.2503918 2.1947038 1.9142157 1.9073235 2.0064541 2.1181230 2.0038973 2.0033911 2.0961000 2.1082101 1.9005025 1.7867147 1.8811925 1.9266677 1.9974539 1.9685659 1.9372675 1.9741851 1.9159251 1.8859110 1.9051155 1.9165014 1.9459151 1.9688684 1.8527281 2.9114359 2.1396625 2.2264056 
KT355391_Human_South                                             0.0403854 0.0297045 0.0296945 0.0331923 0.0129133 0.0064067 0.0195513 0.0063782 0.0264100 0.0000000 0.0195934 0.0366646 0.0228847 0.0228920 0.0331405 0.0296599 0.0400121 0.0693970 0.0436785 0.0963504 0.0922398 0.0883470 0.0927707 0.1164863 0.0847305 0.1039440 0.1043253 0.1000438 0.0959347 0.1040801 0.1010347 0.1168865 0.1130520 0.1049462 0.0890391 0.0971533 0.1344082 0.1336970 0.0970933 0.1303921 0.0882235 0.0846179 1.9391372 1.9260086 2.1970922 2.0951333 2.0400941 1.9526872 2.0171855 1.9877129 1.8838224 1.7992464 1.8153963 1.8820011 1.9198197 1.8638728 1.9254416 1.9040007 2.0994401 1.9627379 1.9311247 1.9307561 2.0124186 2.0351058 2.2561480 2.2054627 2.4204966 2.4217790 2.0940296 2.0838241 1.9689752 1.8247334 2.1004418 2.1171640 1.9946154 2.1047239 2.1321190 2.1746877 2.0750907 2.1094078 2.2253013 2.1399546 2.2044225 2.0585355 2.0963587 2.2265148 2.2385369 1.9254602 1.9185928 2.0319708 2.2124509 2.0941671 2.0683171 2.1509447 2.1634386 1.9916508 1.8777466 1.9734406 2.0157571 2.0756730 2.0631759 2.0276180 2.0208583 1.9741455 1.9054013 1.9501258 1.9613407 1.9610692 1.9697111 1.8780963 2.9511790 2.0983488 2.2465353 
KM886901_Human_South                                             0.0335741 0.0298947 0.0298846 0.0264928 0.0064430 0.0129702 0.0130055 0.0262970 0.0064632 0.0195934 0.0000000 0.0333814 0.0163097 0.0163148 0.0298714 0.0264046 0.0332637 0.0622907 0.0368695 0.0889548 0.0849034 0.0810536 0.0853899 0.1088731 0.0774537 0.0964972 0.0968474 0.0926281 0.0885793 0.0966229 0.0935403 0.1092282 0.1054260 0.0974105 0.0816834 0.0855529 0.1220221 0.1258562 0.0896348 0.1225405 0.0809311 0.0773483 1.9425011 1.9293903 2.2001337 2.0601771 2.0056066 1.9501309 2.0146988 1.9834968 1.8563857 1.8026360 1.8188175 1.8493684 1.9159863 1.8973650 1.9437014 1.9072788 2.1026178 1.9338318 1.9023054 1.9020885 2.0027601 2.0258974 2.3199298 2.1935314 2.3742519 2.3756219 2.0881350 2.0779654 1.9632600 1.7733776 2.1267533 2.0816192 1.9520905 2.0545047 2.0818026 2.1505298 2.0254611 2.0915224 2.1828263 2.1222906 2.1868059 2.0349459 2.0665516 2.2423444 2.2201486 1.9066933 1.8997833 2.0296681 2.1418106 2.0279597 2.0273945 2.0867773 2.0987621 1.9247361 1.8108529 1.9057155 1.9503583 2.0215356 1.9923155 1.9613117 1.9665034 1.9086166 1.8790323 1.9279909 1.9393415 1.9387313 1.9614780 1.8452739 2.9016948 2.1509937 2.2378188 
KP342028_Human_China_2011_XX_XX_Rotavirus_C_Strain_NULL_VP6      0.0550801 0.0510697 0.0510539 0.0475167 0.0263946 0.0332184 0.0333099 0.0436249 0.0405058 0.0366646 0.0333814 0.0000000 0.0367637 0.0367759 0.0298710 0.0264047 0.0545618 0.0852372 0.0584244 0.1052371 0.1010052 0.0970134 0.1096151 0.1299277 0.0929990 0.1211109 0.1215732 0.1170821 0.1127651 0.1212740 0.1182743 0.1347622 0.1138289 0.1137627 0.0975005 0.1058092 0.1438851 0.1432034 0.1056762 0.1397996 0.1047963 0.0929390 2.0104512 1.9973259 2.2289865 2.0906851 2.0359624 1.9869929 2.0515121 2.0133005 1.8856709 1.7702815 1.8485464 1.8203891 1.9147089 1.8341175 1.9005637 1.9365673 2.1199766 2.0007042 1.9691379 1.9685718 2.0536985 2.0743466 2.3141830 2.1943981 2.4166880 2.4179713 2.1405885 2.1083466 2.0342006 1.8074359 2.1909139 2.1572474 1.9767722 2.0776739 2.1048956 2.2070459 2.0845426 2.1478362 2.2162371 2.1776558 2.2415009 2.0580599 2.1345800 2.2659541 2.2513775 1.9753266 1.9949645 2.0552323 2.1956292 2.0845518 2.0828080 2.1732364 2.1859521 2.0142435 1.8998870 1.9962244 2.0379438 2.0984158 2.0801312 1.9848347 2.0039041 1.9793726 1.9214629 1.9016350 1.9129744 1.9119625 2.0400734 1.9131191 2.9971330 2.1351177 2.2252492 
KP776604_Human_Hungary_2013_XX_XX_Rotavirus_C_Strain_G4P_2__VP6  0.0369767 0.0332557 0.0332445 0.0298390 0.0096744 0.0162304 0.0032045 0.0296188 0.0230824 0.0228847 0.0163097 0.0367637 0.0000000 0.0195995 0.0332298 0.0297396 0.0366348 0.0658452 0.0402712 0.0926616 0.0885792 0.0847068 0.0890882 0.1126966 0.0810975 0.1002325 0.1005983 0.0963462 0.0922660 0.1003634 0.0893524 0.1048834 0.1092543 0.1011904 0.0853679 0.0934331 0.1304922 0.1300864 0.0936274 0.1095494 0.0845835 0.0809884 1.9771615 1.9640184 2.2048860 2.0644375 2.0096464 1.8894981 1.9535737 1.9873819 1.8811567 1.8057807 1.8220697 1.8527172 1.8889340 1.8706165 1.9251621 1.9176072 2.1070372 1.9623219 1.9306851 1.9303185 2.0070694 2.0300749 2.2897508 2.1984916 2.3861231 2.3874708 2.0552613 2.0452170 1.9613571 1.7831515 2.1247031 2.1116455 1.9512479 2.0536034 2.0808954 2.1496206 2.0245748 2.0906261 2.1819395 2.1214047 2.1859207 2.0340531 2.0777375 2.2414407 2.2192236 1.9631703 1.9564599 2.0234353 2.1884694 2.0653689 2.0647095 2.1028667 2.1150356 1.9714858 1.8568672 1.9529183 1.9961941 2.0562010 2.0384486 2.0290542 1.9760377 1.9055875 1.8760966 1.8956556 1.9070093 1.9059046 1.9585803 1.8419848 2.8946725 2.1192521 2.2420140 
AB648915_Human_Japan_2011_XX_XX_Rotavirus_C_Strain_NULL_VP6      0.0369890 0.0332665 0.0332554 0.0298487 0.0096773 0.0162354 0.0162796 0.0296283 0.0230898 0.0228920 0.0163148 0.0367759 0.0195995 0.0000000 0.0332407 0.0297492 0.0366469 0.0658687 0.0402847 0.0926968 0.0886125 0.0847383 0.0891218 0.1127413 0.0811275 0.1002710 0.1006372 0.0963830 0.0923008 0.1004021 0.0892512 0.1047615 0.1011542 0.0932191 0.0776521 0.0855745 0.1220328 0.1298553 0.0934090 0.1265420 0.0846149 0.0810183 1.9671718 1.9540825 2.2247826 2.0325955 1.9780560 1.9431765 2.0072382 2.0124998 1.8801652 1.8264587 1.8429681 1.9042503 1.9083730 1.8718844 1.9182356 1.9070392 2.1273427 1.9389059 1.9072787 1.9070350 2.0018334 2.0250324 2.3181854 2.2274374 2.3397627 2.3412057 2.0432244 2.0332334 1.9183175 1.7730445 2.0809460 2.0745428 1.9082649 2.0079791 2.0350651 2.1039016 2.0125399 2.1122972 2.2032053 2.1101418 2.2071443 1.9887985 2.0328557 2.1962205 2.2075021 1.9064430 1.8995266 1.9729025 2.1216715 2.0400216 2.0394255 2.0669252 2.0787363 1.9367594 1.8226845 1.9178565 1.9621453 2.0213775 2.0012351 1.9786005 1.9708409 1.8765294 1.8757545 1.8725500 1.8839320 1.9013356 1.9292736 1.8416050 2.9288578 2.1566921 2.2808000 
AB740140_Human_Japan_2012_XX_XX_Rotavirus_C_Strain_NULL_VP6      0.0513333 0.0473884 0.0473735 0.0367562 0.0229644 0.0297258 0.0298073 0.0400371 0.0369156 0.0331405 0.0298714 0.0298710 0.0332298 0.0332407 0.0000000 0.0031967 0.0508534 0.0733743 0.0473574 0.1006276 0.0964624 0.0925256 0.0970218 0.1209869 0.0888819 0.1082869 0.1086886 0.1043504 0.1001859 0.1084299 0.1053923 0.1214171 0.1010952 0.1010376 0.0852484 0.0932968 0.1302682 0.1296588 0.1014112 0.1262756 0.0924017 0.0808781 1.9842188 1.9711207 2.1768258 2.0369954 1.9826093 1.9943923 2.0589733 2.0058541 1.8964500 1.8168236 1.8650704 1.8637904 1.8939945 1.9074982 1.9381302 1.8977876 2.1248927 1.9744211 1.9429419 1.9425135 1.9628386 1.9880167 2.3335301 2.2290643 2.4363612 2.4376110 2.0240359 2.0788871 2.0104899 1.8109555 2.1275320 2.1619732 1.9474669 2.0841530 2.1114857 2.2139247 2.0882652 2.1215197 2.2229476 2.1517820 2.2482863 2.0644297 2.1411190 2.2799920 2.2496681 1.9540068 1.9472413 2.0188974 2.1960744 2.0613458 2.0930165 2.1815748 2.1943704 2.0097369 1.8953450 1.9978589 2.0335437 2.0939713 2.0757412 2.0263124 2.0470831 1.9412938 1.9095163 1.9192853 1.9305785 1.9298386 2.0270973 1.9001462 2.9681226 2.1505758 2.2411112 
AB740143_Human_Japan_2012_XX_XX_Rotavirus_C_Strain_NULL_VP6      0.0476350 0.0437531 0.0437391 0.0402632 0.0195755 0.0262761 0.0263479 0.0364941 0.0333703 0.0296599 0.0264046 0.0264047 0.0297396 0.0297492 0.0031967 0.0000000 0.0471914 0.0771990 0.0509523 0.1046783 0.1004702 0.0965000 0.1010555 0.1252046 0.0928386 0.1123828 0.1128031 0.1084207 0.1042124 0.1125320 0.1095090 0.1256630 0.1051690 0.1051088 0.0891856 0.0973087 0.1345913 0.1339599 0.1054992 0.1305736 0.0963766 0.0847586 1.9972686 1.9841707 2.1900610 2.0501667 1.9956829 1.9736778 2.0379783 2.0058541 1.9089644 1.8238832 1.8721016 1.8707915 1.9065125 1.9200826 1.9238099 1.8977876 2.1248927 1.9875048 1.9560164 1.9555203 1.9703135 1.9950533 2.3399543 2.2357818 2.4425990 2.4438350 2.0308823 2.0855605 2.0173565 1.8229577 2.1342427 2.1684952 1.9602496 2.0977343 2.1251267 2.2275289 2.1016448 2.1349886 2.2361669 2.1650719 2.2615090 2.0779060 2.1544730 2.2864257 2.2634609 1.9610054 1.9542792 2.0188974 2.2089340 2.0613458 2.0930165 2.1815748 2.1943704 2.0227231 1.9082085 2.0047775 2.0462686 2.1069387 2.0885157 2.0263124 2.0470831 1.9412938 1.9095163 1.9192853 1.9305785 1.9298386 2.0270972 1.9001462 2.9681226 2.1505758 2.2411112 
HQ185667_Human_Japan_2003_XX_XX_Rotavirus_C_Strain_NULL_VP6      0.0264053 0.0296526 0.0296425 0.0195375 0.0263013 0.0331018 0.0331926 0.0470000 0.0403635 0.0400121 0.0332637 0.0545618 0.0366348 0.0366469 0.0508534 0.0471914 0.0000000 0.0693665 0.0436511 0.0883316 0.0843083 0.0804844 0.0848584 0.0999174 0.0769071 0.0999906 0.1003548 0.0882947 0.0920416 0.1001210 0.0928826 0.1168989 0.1215874 0.1133256 0.0890141 0.0971328 0.1433756 0.1426119 0.0970728 0.1216941 0.0881983 0.0845912 2.0474123 2.0341821 2.2358578 2.1065455 2.0511074 2.0018132 2.0671603 1.9945575 1.9347100 1.8800794 1.8681898 1.8917580 1.9950934 1.9461210 1.9646485 2.0110595 2.1758104 2.0168988 1.9849106 1.9842548 2.0254535 2.0476683 2.3241078 2.2717824 2.4259573 2.4272385 2.1466579 2.0999076 2.0154958 1.8130110 2.1632136 2.1037222 1.9533416 2.1222567 2.1500719 2.2066378 2.0798084 2.1250727 2.2128414 2.1521350 2.2167811 2.0648267 2.1454578 2.2981472 2.2902645 1.9880162 1.9813095 2.0654388 2.2137830 2.0994848 2.0987248 2.1570249 2.1697703 2.0076332 1.8916022 1.9892737 2.0318121 2.0274074 2.0745781 2.0748006 2.0510070 1.9896822 1.9552018 1.9408353 1.9522236 1.9518090 2.0436176 1.9078328 2.9342089 2.1583720 2.2868736 
JA398217_Human_NULL_NULL_Rotavirus_C_Strain_NULL_VP6             0.0700314 0.0583146 0.0582972 0.0546598 0.0546986 0.0619860 0.0621598 0.0692436 0.0700270 0.0693970 0.0622907 0.0852372 0.0658452 0.0658687 0.0733743 0.0771990 0.0693665 0.0000000 0.0228447 0.0726096 0.0687691 0.0650911 0.0654356 0.0916335 0.0690821 0.0915918 0.1000549 0.0958309 0.0917772 0.0998228 0.0691878 0.0919459 0.0923688 0.0846396 0.0619185 0.0694766 0.1126695 0.1387762 0.0731422 0.1087874 0.0649793 0.0615181 1.9683680 1.9551653 2.2239253 2.1031990 2.0475551 1.9412021 2.0007056 1.9811355 1.8632647 1.8632365 1.8994831 1.9280286 1.9153142 1.8984352 1.9991144 1.9628139 2.1822802 1.8588842 1.8278404 1.8548271 1.9998843 1.9996316 2.2062441 2.1883662 2.4089520 2.4102528 2.1811466 2.0706044 1.9840180 1.7802877 2.1515464 2.1173829 1.9287366 2.0370198 2.0645293 2.1540339 2.0215327 2.0352871 2.1545319 2.0931749 2.1092167 2.0186297 2.0533290 2.2930064 2.1721643 1.9758402 1.9690621 1.9834897 2.1614090 2.0214009 2.0208531 2.0778275 2.0896839 1.9041360 1.8226150 1.8889472 1.9300726 2.0217713 1.9769785 1.9656438 2.0547208 1.9325997 1.9806888 1.8748327 1.8860992 1.8782054 1.9949126 1.9162875 3.0133163 2.0708837 2.1913202 
JA398227_Human_NULL_NULL_Rotavirus_C_Strain_NULL_VP6             0.0440606 0.0332313 0.0332202 0.0297875 0.0298126 0.0366894 0.0367906 0.0435872 0.0440647 0.0436785 0.0368695 0.0584244 0.0402712 0.0402847 0.0473574 0.0509523 0.0436511 0.0228447 0.0000000 0.0468888 0.0433107 0.0398402 0.0435418 0.0648221 0.0434971 0.0723613 0.0726080 0.0686927 0.0649274 0.0724514 0.0507582 0.0725106 0.0689782 0.0616450 0.0401232 0.0472558 0.0881554 0.1126381 0.0472149 0.0844232 0.0397590 0.0364290 1.8823255 1.8693193 2.1522123 2.0187630 1.9645595 1.8845311 1.9428326 1.9154271 1.7957132 1.8003831 1.8212872 1.8517488 1.8715894 1.8520989 1.9461220 1.8866598 2.1112711 1.9006819 1.8694048 1.8693621 1.9809004 2.0050001 2.2293870 2.1383180 2.3764090 2.3777713 2.0914752 2.0393148 1.9319537 1.7330434 2.0934798 2.0606064 1.8881762 1.9921471 2.0190496 2.1074949 1.9396103 1.9911251 2.0965551 2.0358552 2.0645535 1.9745332 2.0183873 2.2450942 2.1562076 1.9213130 1.9144657 1.9536278 2.1502153 2.0192201 2.0186784 2.0784058 2.0902311 1.9044676 1.7917628 1.8912610 1.9303085 1.9884062 1.9770563 1.9536883 1.9892679 1.8997253 1.8936753 1.8789660 1.8902355 1.8888832 1.9478926 1.8562946 2.9127864 2.1266323 2.2496475 
AY770980_Human_India_NULL_Rotavirus_C_Strain_NULL_VP6            0.0972671 0.0846345 0.0846132 0.0807749 0.0808199 0.0885225 0.0887728 0.0961262 0.0891002 0.0963504 0.0889548 0.1052371 0.0926616 0.0926968 0.1006276 0.1046783 0.0883316 0.0726096 0.0468888 0.0000000 0.0031509 0.0127607 0.0502753 0.0498810 0.0502244 0.0793103 0.0795829 0.0833333 0.0718126 0.0794093 0.0649860 0.0872854 0.1164229 0.1165031 0.0922466 0.1003544 0.1332088 0.1746437 0.0842700 0.1335324 0.0835824 0.0878149 2.0125742 1.9994326 2.2846134 2.0336042 1.9795558 1.9804294 2.0399023 2.0064923 1.8841194 1.8631916 1.9027669 1.9696879 1.9497687 1.8968530 2.0080730 2.0042208 2.1838717 2.0026334 1.9709608 1.9703834 2.1255776 2.1427195 2.3236946 2.2077368 2.4788960 2.4800735 2.1468745 2.1603609 2.0272426 1.7283490 2.1459419 2.1715571 1.9430971 2.1084096 2.1358344 2.1991023 2.0129234 2.1423061 2.2102157 2.1758676 2.2103361 2.1263242 2.1253279 2.3620309 2.2720215 2.0280944 2.0215328 2.1159903 2.2552928 2.1052299 2.1044604 2.1950155 2.2079745 1.9895280 1.8752318 1.9773762 2.0257466 2.0432190 2.0613648 2.0651296 2.0535807 1.9636153 1.9621691 1.9580095 1.9692973 1.9691438 2.0662696 1.9940717 3.0704511 2.2541632 2.3914357 
AY795898_Human_India_NULL_Rotavirus_C_Strain_NULL_VP6            0.0931104 0.0806439 0.0806231 0.0768225 0.0768670 0.0844910 0.0847292 0.0920273 0.0850399 0.0922398 0.0849034 0.1010052 0.0885792 0.0886125 0.0964624 0.1004702 0.0843083 0.0687691 0.0433107 0.0031509 0.0000000 0.0095242 0.0466763 0.0463128 0.0466289 0.0754433 0.0757000 0.0794141 0.0680205 0.0755368 0.0612306 0.0833178 0.1121115 0.1121849 0.0881888 0.0962055 0.1328880 0.1696263 0.0803000 0.1290203 0.0796478 0.0838226 1.9859421 1.9728502 2.2676275 2.0068805 1.9532526 1.9647583 2.0238580 1.9805353 1.8591030 1.8491608 1.8771746 1.9438688 1.9352461 1.8824578 1.9931351 1.9785936 2.1673250 1.9871263 1.9556280 1.9551338 2.0966569 2.1151514 2.2944875 2.1903324 2.4490638 2.4502892 2.1197045 2.1331448 2.0116558 1.7050153 2.1183180 2.1441471 1.9281537 2.0804246 2.1076173 2.1708532 1.9970281 2.1145422 2.1824603 2.1481727 2.1826306 2.0984879 2.1089407 2.3444635 2.2426760 2.0125108 2.0059372 2.0903728 2.2282050 2.0783815 2.0776867 2.1685859 2.1812702 1.9631939 1.8496199 1.9507468 1.9998049 2.0166964 2.0351240 2.0386736 2.0264615 1.9379516 1.9480460 1.9437895 1.9550362 1.9546681 2.0399505 1.9675685 3.0351403 2.2371775 2.3623619 
AY786571_Human_India_NULL_Rotavirus_C_Strain_NULL_VP6            0.0891760 0.0768443 0.0768239 0.0730525 0.0730965 0.0806595 0.0808867 0.0881450 0.0811821 0.0883470 0.0810536 0.0970134 0.0847068 0.0847383 0.0925256 0.0965000 0.0804844 0.0650911 0.0398402 0.0127607 0.0095242 0.0000000 0.0431915 0.0428567 0.0431474 0.0717512 0.0719935 0.0756795 0.0643860 0.0718397 0.0576199 0.0795444 0.1162093 0.1081315 0.0843385 0.0922831 0.1286625 0.1650220 0.0765192 0.1248149 0.0758994 0.0800267 1.9513714 1.9383767 2.2306676 2.0388083 1.9846163 1.9428782 2.0014344 1.9468546 1.8269581 1.8203024 1.8600175 1.9262554 1.9025450 1.8529498 1.9597258 1.9471483 2.1309862 1.9686222 1.9373862 1.9369897 2.0661899 2.0860304 2.2727074 2.1554580 2.4261368 2.4273953 2.1002235 2.1190842 1.9967696 1.6902584 2.1023564 2.1243817 1.9104165 2.0605661 2.0874575 2.1745685 1.9780397 2.0946681 2.1622697 2.1519149 2.1662913 2.0786452 2.0891708 2.3471543 2.2210495 2.0136042 2.0070590 2.0633945 2.1955101 2.0464202 2.0458132 2.1075031 2.1195678 1.9322148 1.8198690 1.9194585 1.9691705 1.9853206 2.0040207 2.0110107 1.9943412 1.8832165 1.9240308 1.9195963 1.9307977 1.9300671 1.9789052 1.9111099 2.9903074 2.2001116 2.3237737 
AM118019_Human_Spain_NULL_Rotavirus_C_Strain_NULL_VP6            0.0936517 0.0811017 0.0810807 0.0772567 0.0773015 0.0849731 0.0852140 0.0925556 0.0855282 0.0927707 0.0853899 0.1096151 0.0890882 0.0891218 0.0970218 0.1010555 0.0848584 0.0654356 0.0435418 0.0502753 0.0466763 0.0431915 0.0000000 0.0683452 0.0468780 0.0758612 0.0761210 0.0798576 0.0683936 0.0759558 0.0615662 0.0838718 0.1127587 0.1046902 0.0886928 0.0967614 0.1164928 0.1611999 0.0729792 0.1297933 0.0800943 0.0842967 1.9088422 1.8959035 2.1370518 1.9967665 1.9430345 1.9391172 1.9973433 1.9442222 1.8108699 1.8215922 1.8238406 1.8681985 1.8896468 1.8182068 1.9509506 1.9061137 2.0820794 1.9054174 1.8741143 1.8740467 2.0006579 2.0238011 2.2225183 2.1482300 2.4478570 2.4490851 2.0623171 2.0424886 1.9038628 1.7152331 2.0605091 2.0582134 1.8822283 2.0179505 2.0449289 2.1331206 1.9640175 1.9820432 2.1340820 2.0762419 2.0762648 1.9654863 2.0237761 2.2702683 2.2347077 1.9747888 1.9680919 1.9574080 2.1294379 2.0002664 1.9997702 2.0836855 2.0955735 1.8706285 1.7584512 1.8569726 1.8971431 1.9544800 1.9435856 1.9621592 1.9865974 1.8978531 1.8846944 1.8719696 1.8832026 1.8817475 1.9453898 1.8478894 2.9732217 2.2215764 2.3024455 
KT206195_Human_Italy_2012_XX_XX_Rotavirus_C_Strain_G4P_2__VP6    0.1091645 0.1042947 0.1042727 0.0922148 0.1003293 0.1083482 0.1086556 0.1162053 0.1090636 0.1164863 0.1088731 0.1299277 0.1126966 0.1127413 0.1209869 0.1252046 0.0999174 0.0916335 0.0648221 0.0498810 0.0463128 0.0428567 0.0683452 0.0000000 0.0757934 0.1065082 0.1068958 0.1026431 0.0985602 0.1066463 0.0759719 0.0987241 0.1460077 0.1374357 0.1121573 0.1206314 0.1500661 0.1882200 0.0956630 0.1552106 0.1029707 0.1074463 1.9239962 1.9110819 2.1694257 2.0839203 2.0293848 1.9149660 1.9730290 1.9586476 1.8389464 1.7929101 1.8659014 1.9194795 1.9575058 1.8958988 1.9953904 1.9899921 2.1760936 1.9178494 1.8868046 1.8866715 2.0456777 2.0664256 2.3268113 2.1898571 2.4026080 2.4039131 2.0583204 2.0976027 2.0227907 1.6744682 2.0806772 2.1101988 1.8978772 2.0432353 2.0700176 2.1530300 1.9919222 2.1099182 2.1773029 2.1537734 2.1490805 2.0252781 2.0720749 2.3622516 2.1950437 1.9848844 1.9782602 2.0098577 2.1778626 2.0509758 2.0186895 2.1105771 2.1226824 1.9148150 1.8097798 1.9089246 1.9588917 1.9748037 1.9936066 1.9839993 1.9841024 1.8864767 1.8947008 1.8900284 1.9012028 1.9000280 1.9464443 1.8928778 2.9479189 2.2019311 2.2880459 
AY786570_Human_India_NULL_Rotavirus_C_Strain_NULL_VP6            0.0855238 0.0732783 0.0732583 0.0695029 0.0695464 0.0770757 0.0772931 0.0845375 0.0775753 0.0847305 0.0774537 0.0929990 0.0810975 0.0811275 0.0888819 0.0928386 0.0769071 0.0690821 0.0434971 0.0502244 0.0466289 0.0431474 0.0468780 0.0757934 0.0000000 0.0536021 0.0537759 0.0573257 0.0465258 0.0536664 0.0541792 0.0760149 0.1209340 0.1127400 0.0886071 0.0966691 0.1335662 0.1517760 0.0806748 0.1296771 0.0723783 0.0842151 1.9332630 1.9203274 2.1657781 2.0578142 2.0035579 1.9244174 1.9826250 1.9661317 1.8360950 1.8180992 1.8392870 1.8377365 1.9090927 1.8305025 1.9810715 1.9536799 2.0962970 1.8911442 1.8599196 1.8599269 1.9845397 2.0084324 2.2970771 2.1881734 2.4019111 2.4032197 2.1104622 2.0192497 1.9418386 1.6572226 2.0682422 2.0142820 1.9029950 2.0405501 2.0677830 2.1626454 1.9224625 2.0387812 2.1442752 2.0969454 2.1119157 1.9903913 1.9372590 2.2677255 2.2448111 1.9677392 1.9610516 2.0150625 2.1534307 1.9596528 1.9263419 2.1131449 2.1252956 1.8451960 1.7332327 1.8311714 1.8722682 1.9291278 1.9185558 1.8923011 1.9928368 1.9098604 1.8738875 1.8770893 1.8884224 1.8870345 1.9839225 1.8654095 2.9380687 2.1833175 2.2764287 
GU592517_Human_Russia_2008_05_XX_Rotavirus_C_Strain_NULL_VP6     0.1092394 0.1043556 0.1043335 0.0922865 0.0882404 0.0960314 0.0963023 0.1119331 0.0966585 0.1039440 0.0964972 0.1211109 0.1002325 0.1002710 0.1082869 0.1123828 0.0999906 0.0915918 0.0723613 0.0793103 0.0754433 0.0717512 0.0758612 0.1065082 0.0536021 0.0000000 0.0191937 0.0224604 0.0126618 0.0191585 0.0837150 0.1026743 0.1503882 0.1417458 0.1206361 0.1206066 0.1636737 0.1929764 0.1121412 0.1557202 0.1112092 0.1157968 2.0119816 1.9990833 2.1674887 2.0241126 1.9706565 1.9728686 2.0310449 2.0333996 1.8726045 1.8127197 1.8336814 1.8569841 1.9292389 1.9255430 1.9885564 1.9444993 2.1286750 1.8694200 1.8385402 1.8386595 1.9503391 1.9756460 2.2374847 2.1530671 2.4001933 2.4014982 2.0677079 2.0413614 2.0162962 1.7316284 2.0994934 1.9864143 1.9553605 2.1213515 2.1488052 2.2917611 2.0419416 2.1304992 2.2523489 2.2055126 2.1620318 2.0895543 2.0391687 2.2765894 2.3558562 1.9615972 1.9549041 1.9934280 2.1880447 1.9961900 1.9957090 2.1162754 2.1283986 1.8364038 1.7246054 1.8549217 1.8636397 1.9349722 1.9098125 1.9245341 2.0107144 1.9216643 1.8511817 1.8494563 1.8607210 1.8589170 1.9559629 1.8835120 2.8489686 2.1527169 2.3609779 
GU592519_Human_Russia_2009_03_XX_Rotavirus_C_Strain_NULL_VP6     0.1096488 0.1047401 0.1047180 0.0926178 0.0885539 0.0963782 0.0966511 0.1123502 0.0970100 0.1043253 0.0968474 0.1215732 0.1005983 0.1006372 0.1086886 0.1128031 0.1003548 0.1000549 0.0726080 0.0795829 0.0757000 0.0719935 0.0761210 0.1068958 0.0537759 0.0191937 0.0000000 0.0094768 0.0062912 0.0126918 0.0840074 0.1030460 0.1462268 0.1376397 0.1166647 0.1166355 0.1594353 0.1938168 0.1125597 0.1652106 0.1116206 0.1118752 1.9594721 1.9465193 2.1445591 2.0090517 1.9555130 1.9631177 2.0213017 1.9870661 1.8526805 1.8214405 1.8425652 1.8727253 1.8837437 1.8960665 2.0027619 1.9583093 2.1139211 1.8641443 1.8331360 1.8332844 1.9796020 2.0035767 2.2333170 2.1486056 2.4301942 2.4314465 2.0204411 1.9860919 1.9742203 1.7101353 2.0817621 1.9766327 1.9005410 2.0638083 2.0910316 2.2347668 1.9851229 2.1125457 2.1961777 2.1656924 2.1555472 2.0493537 2.0713173 2.2534209 2.2980134 1.9744861 1.9678427 1.9765087 2.1711232 1.9914451 1.9909736 2.1120735 2.1241997 1.8503294 1.7378917 1.8363304 1.8773766 1.9493059 1.9238366 1.9387162 2.0255919 1.9116718 1.8757250 1.9047573 1.9160155 1.9150570 1.9511396 1.8846864 2.8644385 2.1318749 2.3406230 
KP735976_Human_Russia_2009_02_21_Rotavirus_C_Strain_NULL_VP6     0.1052640 0.1004393 0.1004172 0.0884521 0.0844393 0.0921796 0.0924398 0.1079854 0.0927810 0.1000438 0.0926281 0.1170821 0.0963462 0.0963830 0.1043504 0.1084207 0.0882947 0.0958309 0.0686927 0.0833333 0.0794141 0.0756795 0.0798576 0.1026431 0.0573257 0.0224604 0.0094768 0.0000000 0.0094646 0.0159122 0.0799718 0.0988234 0.1414982 0.1330028 0.1122518 0.1122232 0.1545738 0.1885352 0.1081870 0.1602526 0.1072885 0.1075346 1.9967600 1.9836991 2.1841767 2.0470696 1.9928041 2.0010568 2.0598840 2.0173044 1.8874955 1.8184439 1.8396504 1.8700123 1.9187648 1.9314245 2.0318321 1.9941665 2.1529462 1.9063851 1.8751447 1.8750719 2.0254615 2.0473265 2.2727421 2.1813023 2.4304717 2.4317297 2.0637589 2.0293860 2.0172829 1.7186155 2.1261242 2.0202640 1.9429103 2.1094167 2.1370037 2.2810173 2.0296322 2.1579244 2.2415218 2.1973956 2.2002630 2.0946315 2.1159917 2.2995015 2.3453447 1.9977688 1.9911669 2.0048780 2.2017339 2.0212522 2.0207053 2.1417918 2.1542489 1.8794157 1.7659737 1.8657450 1.9059983 1.9156637 1.9529408 1.9681161 2.0562496 1.9091561 1.8731453 1.9023122 1.9136386 1.9126380 1.9802531 1.8819552 2.9047770 2.1234709 2.3328731 
JN934895_Human_Russia_2008_05_XX_Rotavirus_C_Strain_NULL_VP6     0.1010553 0.0963118 0.0962899 0.0844545 0.0804896 0.0881508 0.0883988 0.1037944 0.0887231 0.0959347 0.0885793 0.1127651 0.0922660 0.0923008 0.1001859 0.1042124 0.0920416 0.0917772 0.0649274 0.0718126 0.0680205 0.0643860 0.0683936 0.0985602 0.0465258 0.0126618 0.0062912 0.0094646 0.0000000 0.0062801 0.0760963 0.0947706 0.1415664 0.1330748 0.1123282 0.1122996 0.1546335 0.1833312 0.1039882 0.1554305 0.1031287 0.1076106 1.9706088 1.9576706 2.1557469 2.0202291 1.9666651 1.9744344 2.0326014 1.9979685 1.8634606 1.8018470 1.8226092 1.8528261 1.8944725 1.8904087 1.9973504 1.9690247 2.1250384 1.8754000 1.8444193 1.8445080 1.9914808 2.0148484 2.2448220 2.1602159 2.4078655 2.4091582 2.0315591 1.9972926 1.9853929 1.6913451 2.0929905 1.9879465 1.9117288 2.0753945 2.1026391 2.2460907 1.9966382 2.1239501 2.2073704 2.1604214 2.1502889 2.0436532 2.0657714 2.2646634 2.3094534 1.9856590 1.9790559 1.9871090 2.1819312 2.0025087 2.0020112 2.1227346 2.1349439 1.8616046 1.7491951 1.8477845 1.8883771 1.9604657 1.9348619 1.9498024 2.0368578 1.8914186 1.8566752 1.8853984 1.8966627 1.8954091 1.9620767 1.8467835 2.8595446 2.1103378 2.3184507 
KP735972_Human_Russia_2008_04_23_Rotavirus_C_Strain_NULL_VP6     0.1093850 0.1044928 0.1044708 0.0924058 0.0883536 0.0961559 0.0964275 0.1120812 0.0967846 0.1040801 0.0966229 0.1212740 0.1003634 0.1004021 0.1084299 0.1125320 0.1001210 0.0998228 0.0724514 0.0794093 0.0755368 0.0718397 0.0759558 0.1066463 0.0536664 0.0191585 0.0126918 0.0159122 0.0062801 0.0000000 0.0838209 0.1028072 0.1505969 0.1419407 0.1207979 0.1207683 0.1639036 0.1932576 0.1122897 0.1647628 0.1113553 0.1159504 1.9586547 1.9457028 2.1570058 2.0082241 1.9546950 1.9622866 2.0204633 1.9862620 1.8519054 1.7902216 1.8108058 1.8411096 1.8829675 1.8787796 1.9857392 1.9575232 2.1130838 1.8633331 1.8323280 1.8324805 1.9787268 2.0027429 2.2324352 2.1477265 2.3956412 2.3969585 2.0502575 2.0160558 2.0040827 1.7084417 2.0809206 2.0068761 1.9302849 2.0949783 2.1223185 2.2338989 1.9842738 2.1116870 2.1953245 2.1482964 2.1382470 2.0632074 2.0850160 2.2525570 2.2971293 1.9736639 1.9670185 1.9757501 2.1703023 2.0210603 2.0205174 2.1112710 2.1233894 1.8495190 1.7370988 1.8355095 1.8765818 1.9484884 1.9230328 1.9379056 2.0247554 1.8795644 1.8454695 1.8740560 1.8853426 1.8839133 1.9503382 1.8476750 2.8461893 2.1115646 2.3199161 
HQ185636_Human_Bangladesh_2005_XX_XX_Rotavirus_C_Strain_NULL_VP6 0.1020087 0.0891322 0.0891105 0.0852129 0.0852584 0.0930835 0.0854652 0.1007961 0.0936967 0.1010347 0.0935403 0.1182743 0.0893524 0.0892512 0.1053923 0.1095090 0.0928826 0.0691878 0.0507582 0.0649860 0.0612306 0.0576199 0.0615662 0.0759719 0.0541792 0.0837150 0.0840074 0.0799718 0.0760963 0.0838209 0.0000000 0.0327672 0.1298769 0.1215081 0.0968526 0.1050988 0.1427719 0.1810927 0.0889801 0.1214451 0.0880116 0.0923275 1.8796003 1.8666772 2.1182579 2.0031491 1.9493631 1.9263381 1.9535347 1.9065325 1.8032431 1.7736926 1.7797198 1.8147495 1.8630112 1.7859305 1.9498302 1.8822618 2.0917819 1.8718245 1.8406946 1.8408035 2.0098815 2.0325066 2.2527846 2.1667637 2.3732153 2.3745781 2.0520667 1.9441251 1.8588103 1.5675935 1.9831929 1.9932487 1.7967764 1.9270979 1.9537828 2.0695466 1.9705506 1.9681138 2.0423782 1.9742985 2.0355029 1.9818764 1.9220560 2.1827512 2.1663083 1.9219848 1.9152421 2.0041200 2.0953305 1.9876224 1.9871615 2.0814772 2.0933661 1.8771380 1.7402386 1.8381604 1.8789287 1.9688456 1.8926975 1.9528722 1.9523375 1.8329310 1.8033587 1.8186554 1.8300238 1.8277253 1.8608511 1.7888362 2.9014159 2.1441210 2.2679288 
HQ896714_Human_South                                             0.1269005 0.1129867 0.1129648 0.1088850 0.1006346 0.1086989 0.1008847 0.1165858 0.1094205 0.1168865 0.1092282 0.1347622 0.1048834 0.1047615 0.1214171 0.1256630 0.1168989 0.0919459 0.0725106 0.0872854 0.0833178 0.0795444 0.0838718 0.0987241 0.0760149 0.1026743 0.1030460 0.0988234 0.0947706 0.1028072 0.0327672 0.0000000 0.1466187 0.1379800 0.1210130 0.1297140 0.1554471 0.1896946 0.1084413 0.1468780 0.1115302 0.1161441 1.9741248 1.9610148 2.1809787 2.0015834 1.9475129 1.9554276 1.9829731 2.0089802 1.8841568 1.8959204 1.8618278 1.9585786 1.9808791 1.8669397 2.0585273 2.0258353 2.1503981 1.9500690 1.9185777 1.9182759 2.0934501 2.1391677 2.3056207 2.2071608 2.4821681 2.4833419 2.0716798 2.0639619 1.9725905 1.6705400 2.0700093 2.1419589 1.9048578 2.0109053 2.0382720 2.2064336 1.9954133 2.0179263 2.1600982 2.0905808 2.1443705 2.0336331 1.9995009 2.2673355 2.2574442 1.9626543 1.9559516 2.0872259 2.1800362 2.0372741 2.0366832 2.1315960 2.1441188 1.9297250 1.7908793 1.8854040 1.9307065 2.0229013 1.9778636 2.0387574 1.9915996 1.8038086 1.8463338 1.8322401 1.8437281 1.8627034 1.9444040 1.8034784 2.8982883 2.2704686 2.4389424 
AM118018_Human_Spain_NULL_Rotavirus_C_Strain_NULL_VP6            0.1227942 0.1091728 0.1091508 0.1050946 0.0968996 0.1049136 0.1052131 0.1127791 0.1141180 0.1130520 0.1054260 0.1138289 0.1092543 0.1011542 0.1010952 0.1051690 0.1215874 0.0923688 0.0689782 0.1164229 0.1121115 0.1162093 0.1127587 0.1460077 0.1209340 0.1503882 0.1462268 0.1414982 0.1415664 0.1505969 0.1298769 0.1466187 0.0000000 0.0194094 0.0399185 0.0470138 0.0502831 0.1517271 0.1257448 0.1294980 0.1160972 0.0958839 1.9968200 1.9836177 2.1754870 2.0192156 1.9648080 1.9291368 1.9883108 2.0178516 1.8092587 1.8366872 1.8982318 1.8768749 1.9214610 1.8875622 2.0185592 1.8974379 2.1538116 1.9447075 1.8786296 1.8785364 1.9462165 1.9722449 2.3067124 2.1662939 2.3759601 2.3773365 2.1066264 2.0574219 2.0094484 1.7726050 2.1934246 2.1136018 1.9551340 2.0720062 2.0996110 2.2323606 2.0314821 2.1423079 2.1785644 2.1345282 2.1635733 2.0346351 2.1218909 2.3737078 2.2462208 2.0011503 1.9945177 2.1036017 2.2496745 2.0513305 2.0832295 2.1432902 2.1558190 1.9925696 1.8492510 1.9431669 1.9996322 2.0482988 2.0257219 1.9090284 2.0835742 1.8929632 1.9216313 1.8736778 1.8850798 1.8836316 1.9216095 1.9110053 3.0530530 2.2641706 2.3675393 
