57
AB499612_Human_Turkey_2005_11_24_Rotavirus_C_Strain_NULL_NSP4     0.0000000 0.0451274 0.0511170 0.0512772 0.0221120 0.0279320 0.0164922 0.0764598 0.0835812 0.0702321 0.0818746 0.0767172 0.0830322 0.0830780 0.0898594 0.0765015 0.0830660 0.0703066 0.1131532 0.0895145 0.0931700 0.0993584 0.0908287 0.0799678 0.1221249 0.0904709 0.0855810 0.1032089 0.0969021 0.1040678 0.0972454 0.0907071 0.1034737 0.1100036 0.1100036 0.1110491 0.1178230 0.1167704 0.1313794 0.1383310 0.1265573 0.0825740 0.1447495 0.0957794 2.0794411 1.9826675 2.0240916 1.9602445 1.9882557 2.3115366 2.1634231 2.0583925 1.1785136 1.1642051 1.2128033 1.1811070 1.1681741 
AB740151_Human_Japan_2009_XX_XX_Rotavirus_C_Strain_NULL_NSP4      0.0451274 0.0000000 0.0053891 0.0054028 0.0219453 0.0277175 0.0275210 0.0278830 0.0337811 0.0221953 0.0297229 0.0279658 0.0337006 0.0337468 0.0395951 0.0279110 0.0337577 0.0222142 0.0563947 0.0395918 0.0410851 0.0436776 0.0496788 0.0412906 0.0637984 0.0520248 0.0375855 0.1033582 0.0970591 0.1042171 0.0974023 0.0908689 0.1036230 0.1101424 0.1101424 0.1111870 0.1179458 0.1168947 0.1314601 0.1383847 0.1412291 0.0699243 0.1446515 0.0959314 1.9900658 2.0096475 2.0588167 1.9948029 2.0229745 2.3027336 2.1637424 2.0586146 1.1683092 1.1475916 1.2024279 1.1778009 1.1981106 
HQ185682_Human_Japan_2008_XX_XX_Rotavirus_C_Strain_NULL_NSP4      0.0511170 0.0053891 0.0000000 0.0108816 0.0276219 0.0334927 0.0332547 0.0336884 0.0396799 0.0279357 0.0359307 0.0337899 0.0395889 0.0396398 0.0455564 0.0337201 0.0396504 0.0279599 0.0637077 0.0459412 0.0477056 0.0507604 0.0568195 0.0475271 0.0713609 0.0581966 0.0441843 0.1110430 0.1046617 0.1119858 0.1050255 0.0983823 0.1113332 0.1179639 0.1179639 0.1190995 0.1259675 0.1248245 0.1396254 0.1466450 0.1496872 0.0762543 0.1525779 0.1025521 2.0041513 2.0239229 2.0732259 2.0091530 2.0373835 2.3179395 2.1785344 2.0730161 1.1708794 1.1501577 1.2049926 1.1803692 1.1766595 
KP342044_Human_China_2011_XX_XX_Rotavirus_C_Strain_NULL_NSP4      0.0512772 0.0054028 0.0108816 0.0000000 0.0277000 0.0335903 0.0333508 0.0337870 0.0397995 0.0280155 0.0360438 0.0338892 0.0397080 0.0397592 0.0456969 0.0338189 0.0397697 0.0165981 0.0633514 0.0456937 0.0474401 0.0504632 0.0564960 0.0476811 0.0709658 0.0583872 0.0443348 0.1105698 0.1041986 0.1115069 0.1045609 0.0979319 0.1108582 0.1174794 0.1174794 0.1186091 0.1254708 0.1243333 0.1396167 0.1466563 0.1491889 0.0765194 0.1533228 0.1029417 2.0180599 2.0381754 2.0878644 2.0232133 2.0517272 2.3357820 2.1944736 2.0876444 1.1667269 1.1461085 1.2006931 1.1761759 1.1963989 
HQ185650_Human_China_2001_XX_XX_Rotavirus_C_Strain_NULL_NSP4      0.0221120 0.0219453 0.0276219 0.0277000 0.0000000 0.0054330 0.0053949 0.0514644 0.0580258 0.0455205 0.0549768 0.0516267 0.0576249 0.0576825 0.0640553 0.0515035 0.0576878 0.0455631 0.0838004 0.0638042 0.0663040 0.0705890 0.0766230 0.0666494 0.0919346 0.0644553 0.0573917 0.0897828 0.0835909 0.0905041 0.0838962 0.0775135 0.0900054 0.0963706 0.0963706 0.0972651 0.1038674 0.1029708 0.1171766 0.1239599 0.1264691 0.0573033 0.1286073 0.0826075 2.0210173 1.9763510 2.0196083 1.9557757 1.9837677 2.2950141 2.1588686 2.0539181 1.1400422 1.1260188 1.1734475 1.1493350 1.1692895 
HQ185671_Human_Japan_2003_XX_XX_Rotavirus_C_Strain_NULL_NSP4      0.0279320 0.0277175 0.0334927 0.0335903 0.0054330 0.0000000 0.0109005 0.0577990 0.0645263 0.0517608 0.0617973 0.0579850 0.0640840 0.0641413 0.0706428 0.0578397 0.0641433 0.0518109 0.0913602 0.0703657 0.0731633 0.0779450 0.0840154 0.0735491 0.0997423 0.0710955 0.0645442 0.0968566 0.0768218 0.0835909 0.0771055 0.0708188 0.0831399 0.0894076 0.0894076 0.0902251 0.0967244 0.1102842 0.1247496 0.1316423 0.1188831 0.0637259 0.1371633 0.0894835 2.0220033 1.9777110 2.0209083 1.9570550 1.9850597 2.2976783 2.1598444 2.0549038 1.1627802 1.1485996 1.1966818 1.1722096 1.1924043 
KT206191_Human_Italy_2004_XX_XX_Rotavirus_C_Strain_G4P_2__NSP4    0.0164922 0.0275210 0.0332547 0.0333508 0.0053949 0.0109005 0.0000000 0.0573827 0.0640583 0.0513876 0.0613232 0.0575661 0.0636214 0.0636784 0.0701325 0.0574231 0.0636807 0.0514370 0.0906471 0.0698588 0.0726165 0.0773288 0.0833598 0.0729968 0.0989588 0.0705783 0.0640287 0.0961614 0.0899275 0.0969456 0.0902508 0.0838079 0.0964033 0.1028334 0.1028334 0.1037969 0.1104681 0.1094997 0.1238739 0.1307265 0.1333941 0.0632681 0.1361192 0.0888451 2.0214651 1.9767820 2.0200602 1.9561996 1.9842048 2.2956154 2.1593937 2.0543842 1.1553759 1.1412477 1.1891151 1.1579721 1.1848763 
AB740147_Human_Japan_2008_XX_XX_Rotavirus_C_Strain_NULL_NSP4      0.0764598 0.0278830 0.0336884 0.0337870 0.0514644 0.0577990 0.0573827 0.0000000 0.0054040 0.0054009 0.0000010 0.0000010 0.0053890 0.0053983 0.0108599 0.0220375 0.0164309 0.0164415 0.0239520 0.0108589 0.0112455 0.0119269 0.0178121 0.0112972 0.0304629 0.0337468 0.0059826 0.1393137 0.1327544 0.1405642 0.1331721 0.1262604 0.1253032 0.1320926 0.1320926 0.1480971 0.1552570 0.1461395 0.1692167 0.1765025 0.1807487 0.0898587 0.1872695 0.1309527 2.0199523 2.0513123 2.0899031 2.0252894 2.0537921 2.3375832 2.2101570 2.1029827 1.1673318 1.1466979 1.2013229 1.1767874 1.1970239 
AB740150_Human_Japan_2008_XX_XX_Rotavirus_C_Strain_NULL_NSP4      0.0835812 0.0337811 0.0396799 0.0397995 0.0580258 0.0645263 0.0640583 0.0054040 0.0000000 0.0109045 0.0057463 0.0054190 0.0108814 0.0108996 0.0164451 0.0278087 0.0221167 0.0221321 0.0302586 0.0164435 0.0170367 0.0180792 0.0239986 0.0171165 0.0369520 0.0397569 0.0120929 0.1478713 0.1412165 0.1492278 0.1416481 0.1346105 0.1335930 0.1405230 0.1405230 0.1569410 0.1642354 0.1548444 0.1783609 0.1857707 0.1902873 0.0973000 0.1980432 0.1393720 2.0549378 2.0250776 2.0575462 1.9932217 2.0215228 2.3043289 2.2482811 2.1393461 1.1907272 1.1697481 1.2251624 1.2003048 1.2207519 
HQ185661_Human_China_2007_XX_XX_Rotavirus_C_Strain_NULL_NSP4      0.0702321 0.0221953 0.0279357 0.0280155 0.0455205 0.0517608 0.0513876 0.0054009 0.0109045 0.0000000 0.0057427 0.0054158 0.0108750 0.0108931 0.0164352 0.0164464 0.0108991 0.0109055 0.0302378 0.0164336 0.0170260 0.0180671 0.0239825 0.0171058 0.0369255 0.0279788 0.0120849 0.1323950 0.1258614 0.1335715 0.1262693 0.1194052 0.1327544 0.1396359 0.1396359 0.1410208 0.1481302 0.1391599 0.1620639 0.1693082 0.1733768 0.0834655 0.1792265 0.1241934 2.0011046 2.0320990 2.0704720 2.0060740 2.0344379 2.3166047 2.1899705 2.0835304 1.1544086 1.1339742 1.1881411 1.1637933 1.1839066 
JX857432_Human_Brazil_2007_XX_XX_Rotavirus_C_Strain_NULL_NSP4     0.0818746 0.0297229 0.0359307 0.0360438 0.0549768 0.0617973 0.0613232 0.0000010 0.0057463 0.0057427 0.0000000 0.0000010 0.0057126 0.0057230 0.0115526 0.0234702 0.0174907 0.0175028 0.0239520 0.0115515 0.0115515 0.0119269 0.0178121 0.0116061 0.0304629 0.0359999 0.0059826 0.1500425 0.1429659 0.1515097 0.1434261 0.1359398 0.1348512 0.1422241 0.1422241 0.1597435 0.1675254 0.1574759 0.1825620 0.1904712 0.1954063 0.0963595 0.1872695 0.1408171 2.1886954 2.2616002 2.2847422 2.2336420 2.2444632 2.5731880 2.3911027 2.2891338 1.1712672 1.1492974 1.2074881 1.1813372 1.2028893 
KM243914_Human_Brazil_2008_XX_XX_Rotavirus_C_Strain_G4P_2__NSP4   0.0767172 0.0279658 0.0337899 0.0338892 0.0516267 0.0579850 0.0575661 0.0000010 0.0054190 0.0054158 0.0000010 0.0000000 0.0053890 0.0053983 0.0108904 0.0221015 0.0164780 0.0164886 0.0239520 0.0108895 0.0112455 0.0119269 0.0178121 0.0112972 0.0304629 0.0338488 0.0059826 0.1398581 0.1332690 0.1411200 0.1336891 0.1267450 0.1257807 0.1326028 0.1326028 0.1486927 0.1558890 0.1467185 0.1699142 0.1772376 0.1815226 0.0901722 0.1872695 0.1314497 2.0409642 2.0730065 2.1121967 2.0467630 2.0756718 2.3641483 2.2344596 2.1254165 1.1769342 1.1560303 1.2113238 1.1864994 1.2069505 
KM243913_Human_Brazil_2008_XX_XX_Rotavirus_C_Strain_G4P_2__NSP4   0.0830322 0.0337006 0.0395889 0.0397080 0.0576249 0.0640840 0.0636214 0.0053890 0.0108814 0.0108750 0.0057126 0.0053890 0.0000000 0.0108397 0.0164019 0.0277402 0.0220604 0.0220756 0.0300820 0.0164004 0.0169404 0.0179711 0.0238578 0.0170194 0.0367359 0.0396655 0.0120194 0.1470737 0.1404301 0.1484199 0.1408602 0.1338393 0.1328282 0.1397399 0.1397399 0.1561171 0.1634027 0.1540330 0.1775279 0.1849383 0.1894401 0.0968627 0.1964052 0.1384596 2.0025014 2.1094688 2.1492795 2.0831370 2.1124283 2.3194301 2.1922227 2.0853001 1.1998751 1.1785965 1.2347642 1.2095772 1.2302734 
KM243915_Human_Brazil_2008_XX_XX_Rotavirus_C_Strain_G4P_2__NSP4   0.0830780 0.0337468 0.0396398 0.0397592 0.0576825 0.0641413 0.0636784 0.0053983 0.0108996 0.0108931 0.0057230 0.0053983 0.0108397 0.0000000 0.0164281 0.0277804 0.0220940 0.0221093 0.0301282 0.0164265 0.0169682 0.0180021 0.0238965 0.0170474 0.0367886 0.0397166 0.0120413 0.1469591 0.1403409 0.1482987 0.1407694 0.1337736 0.1327663 0.1396534 0.1396534 0.1559620 0.1632135 0.1538888 0.1772680 0.1846381 0.1891059 0.0967089 0.1955156 0.1383792 2.0593545 2.0400063 2.1311507 2.0655169 2.0945520 2.3412141 2.2541267 2.1443852 1.1898653 1.1687796 1.2244883 1.1994942 1.2200547 
AB740148_Human_Japan_2008_XX_XX_Rotavirus_C_Strain_NULL_NSP4      0.0898594 0.0395951 0.0455564 0.0456969 0.0640553 0.0706428 0.0701325 0.0108599 0.0164451 0.0164352 0.0115526 0.0108904 0.0164019 0.0164281 0.0000000 0.0335254 0.0277763 0.0277969 0.0365042 0.0220293 0.0228304 0.0242337 0.0301562 0.0229390 0.0433441 0.0456536 0.0120774 0.1389762 0.1324330 0.1402203 0.1328494 0.1259557 0.1250024 0.1317737 0.1317737 0.1477319 0.1548731 0.1457836 0.1688011 0.1760689 0.1802952 0.0966579 0.1867588 0.1306414 2.0126105 2.0440091 2.0827371 2.0178348 2.0464494 2.3315266 2.2034046 2.0958845 1.1319968 1.1532869 1.1651068 1.1412095 1.1610076 
KP342033_Human_China_2011_XX_XX_Rotavirus_C_Strain_NULL_NSP4      0.0765015 0.0279110 0.0337201 0.0338189 0.0515035 0.0578397 0.0574231 0.0220375 0.0278087 0.0164464 0.0234702 0.0221015 0.0277402 0.0277804 0.0335254 0.0000000 0.0164148 0.0164600 0.0494462 0.0335223 0.0347666 0.0369329 0.0428854 0.0349372 0.0566222 0.0337127 0.0308949 0.1248525 0.1183809 0.1259435 0.1187743 0.1119977 0.1251868 0.1319698 0.1319698 0.1332639 0.1402805 0.1315194 0.1541092 0.1612697 0.1651190 0.1032667 0.1873068 0.1309835 2.0366024 2.0601302 2.0473354 2.0422490 2.0707885 2.3551209 2.1970184 2.0904370 1.1646666 1.1441176 1.1985300 1.1740872 1.1942540 
AB740152_Human_Japan_2011_XX_XX_Rotavirus_C_Strain_NULL_NSP4      0.0830660 0.0337577 0.0396504 0.0397697 0.0576878 0.0641433 0.0636807 0.0164309 0.0221167 0.0108991 0.0174907 0.0164780 0.0220604 0.0220940 0.0277763 0.0164148 0.0000000 0.0221190 0.0429913 0.0277736 0.0287955 0.0305804 0.0365275 0.0289349 0.0500098 0.0279260 0.0245536 0.1321787 0.1256539 0.1333515 0.1260610 0.1192067 0.1325370 0.1394081 0.1394081 0.1407888 0.1478873 0.1389334 0.1618017 0.1690346 0.1730908 0.0966831 0.1962404 0.1382969 2.0167967 2.0512802 2.0339070 1.9702862 1.9982219 2.2899537 2.1963166 2.0896270 1.1886524 1.1676515 1.2231329 1.1982429 1.2187213 
AB740153_Human_Japan_2012_XX_XX_Rotavirus_C_Strain_NULL_NSP4      0.0703066 0.0222142 0.0279599 0.0165981 0.0455631 0.0518109 0.0514370 0.0164415 0.0221321 0.0109055 0.0175028 0.0164886 0.0220756 0.0221093 0.0277969 0.0164600 0.0221190 0.0000000 0.0430327 0.0277942 0.0288180 0.0306063 0.0365602 0.0289577 0.0500623 0.0397615 0.0245731 0.1325933 0.1260443 0.1337746 0.1264534 0.1195733 0.1329541 0.1398536 0.1398536 0.1412444 0.1483735 0.1393759 0.1628886 0.1701681 0.1737022 0.0968216 0.1796018 0.1243691 2.0485004 2.0691737 2.1195525 2.0542739 2.0831275 2.3713769 2.2317796 2.1232496 1.1658024 1.1452649 1.1996452 1.1752165 1.1953687 
JX857429_Human_Brazil_2008_XX_XX_Rotavirus_C_Strain_NULL_NSP4     0.1131532 0.0563947 0.0637077 0.0633514 0.0838004 0.0913602 0.0906471 0.0239520 0.0302586 0.0302378 0.0239520 0.0239520 0.0300820 0.0301282 0.0365042 0.0494462 0.0429913 0.0430327 0.0000000 0.0118565 0.0118565 0.0059523 0.0179630 0.0366892 0.0307323 0.0633107 0.0245185 0.1709829 0.1636282 0.1727461 0.1641133 0.1562668 0.1550239 0.1628105 0.1628105 0.1814996 0.1896655 0.1798785 0.2051607 0.2134200 0.2190913 0.1290413 0.2145098 0.1771231 2.1621000 2.2426561 2.2660925 2.2140301 2.2250376 2.5516762 2.3773022 2.2736339 1.1688766 1.1465340 1.2057326 1.1791228 1.2401040 
JX857430_Human_Brazil_2008_XX_XX_Rotavirus_C_Strain_NULL_NSP4     0.0895145 0.0395918 0.0459412 0.0456937 0.0638042 0.0703657 0.0698588 0.0108589 0.0164435 0.0164336 0.0115515 0.0108895 0.0164004 0.0164265 0.0220293 0.0335223 0.0277736 0.0277942 0.0118565 0.0000000 0.0000010 0.0000010 0.0058792 0.0229366 0.0180915 0.0456504 0.0182362 0.1398060 0.1332448 0.1410616 0.1336632 0.1267461 0.1257854 0.1325814 0.1325814 0.1485977 0.1557563 0.1475059 0.1697022 0.1769795 0.1812294 0.1033303 0.2051454 0.1454512 1.9804091 2.0109102 2.0489298 1.9849641 2.0130905 2.2869722 2.1698975 2.0646805 1.1728486 1.1520965 1.2069994 1.1823490 1.2387939 
JX857431_Human_Brazil_2008_XX_XX_Rotavirus_C_Strain_NULL_NSP4     0.0931700 0.0410851 0.0477056 0.0474401 0.0663040 0.0731633 0.0726165 0.0112455 0.0170367 0.0170260 0.0115515 0.0112455 0.0169404 0.0169682 0.0228304 0.0347666 0.0287955 0.0288180 0.0118565 0.0000010 0.0000000 0.0000010 0.0058792 0.0229366 0.0180915 0.0473952 0.0182362 0.1459487 0.1390873 0.1473273 0.1395306 0.1322810 0.1312451 0.1383779 0.1383779 0.1552680 0.1627871 0.1540523 0.1773621 0.1850024 0.1896462 0.1076487 0.2051454 0.1518151 2.0819134 2.1498118 2.1711158 2.1224597 2.1326536 2.4345517 2.2801872 2.1851998 1.1805244 1.1588832 1.2161253 1.1904244 1.2492623 
JX857437_Human_Brazil_2008_XX_XX_Rotavirus_C_Strain_NULL_NSP4     0.0993584 0.0436776 0.0507604 0.0504632 0.0705890 0.0779450 0.0773288 0.0119269 0.0180792 0.0180671 0.0119269 0.0119269 0.0179711 0.0180021 0.0242337 0.0369329 0.0305804 0.0306063 0.0059523 0.0000010 0.0000010 0.0000000 0.0059635 0.0243537 0.0183567 0.0504160 0.0182362 0.1561072 0.1487839 0.1576943 0.1492639 0.1414957 0.1403366 0.1480014 0.1480014 0.1662718 0.1743469 0.1648430 0.1898574 0.1980461 0.2033305 0.1149125 0.2074795 0.1623039 2.1146743 2.1496065 2.2595635 2.2072117 2.2182748 2.4475329 2.2585802 2.1589784 1.1330458 1.1110147 1.1696217 1.1432151 1.2038717 
JX857435_Human_Brazil_2008_XX_XX_Rotavirus_C_Strain_NULL_NSP4     0.0908287 0.0496788 0.0568195 0.0564960 0.0766230 0.0840154 0.0833598 0.0178121 0.0239986 0.0239825 0.0178121 0.0178121 0.0238578 0.0238965 0.0301562 0.0428854 0.0365275 0.0365602 0.0179630 0.0058792 0.0058792 0.0059635 0.0000000 0.0179004 0.0243683 0.0564513 0.0245622 0.1621645 0.1548923 0.1638084 0.1553714 0.1476381 0.1464533 0.1541013 0.1541013 0.1723793 0.1804173 0.1708874 0.1957816 0.2039222 0.1918509 0.1210052 0.1968785 0.1521203 2.1469331 2.1595185 2.1818761 2.1309550 2.1416333 2.4706223 2.2890893 2.1896454 1.1463498 1.1243048 1.1828560 1.1564998 1.2169873 
JX857440_Human_Brazil_2008_XX_XX_Rotavirus_C_Strain_NULL_NSP4     0.0799678 0.0412906 0.0475271 0.0476811 0.0666494 0.0735491 0.0729968 0.0112972 0.0171165 0.0171058 0.0116061 0.0112972 0.0170194 0.0170474 0.0229390 0.0349372 0.0289349 0.0289577 0.0366892 0.0229366 0.0229366 0.0243537 0.0179004 0.0000000 0.0435700 0.0476360 0.0183279 0.1619464 0.1549583 0.1635234 0.1554186 0.1479885 0.1468484 0.1541980 0.1541980 0.1717537 0.1794736 0.1693651 0.1942473 0.2020711 0.1904443 0.1082547 0.1885935 0.1374557 2.1962023 2.2087392 2.2306849 2.1814159 2.1918029 2.5187861 2.3406195 2.2430997 1.2171929 1.1949290 1.2536457 1.2273244 1.2489088 
JX857439_Human_Brazil_2008_XX_XX_Rotavirus_C_Strain_NULL_NSP4     0.1221249 0.0637984 0.0713609 0.0709658 0.0919346 0.0997423 0.0989588 0.0304629 0.0369520 0.0369255 0.0304629 0.0304629 0.0367359 0.0367886 0.0433441 0.0566222 0.0500098 0.0500623 0.0307323 0.0180915 0.0180915 0.0183567 0.0243683 0.0435700 0.0000000 0.0709316 0.0378442 0.1817176 0.1742432 0.1836335 0.1745872 0.1665641 0.1654102 0.1733942 0.1733942 0.1926310 0.2009653 0.1908443 0.2166252 0.2250291 0.2109159 0.1301238 0.2367826 0.1879000 2.1045649 2.1409364 2.2025190 2.0872976 2.0978085 2.4810392 2.3212344 2.2545239 1.1558936 1.1336823 1.1926216 1.1661039 1.2269318 
KP844858_Human_South                                              0.0904709 0.0520248 0.0581966 0.0583872 0.0644553 0.0710955 0.0705783 0.0337468 0.0397569 0.0279788 0.0359999 0.0338488 0.0396655 0.0397166 0.0456536 0.0337127 0.0279260 0.0397615 0.0633107 0.0456504 0.0473952 0.0504160 0.0564513 0.0476360 0.0709316 0.0000000 0.0442868 0.1416815 0.1342878 0.1422283 0.1347131 0.1276978 0.1413337 0.1483855 0.1483855 0.1498882 0.1571641 0.1478787 0.1713342 0.1787402 0.1752489 0.1050044 0.2078263 0.1471024 1.9563119 2.0379455 2.0346954 1.9704537 1.9986615 2.2894013 2.1936087 2.0866920 1.2052081 1.1839074 1.2401009 1.2149115 1.2355981 
JX857441_Human_Brazil_2008_XX_XX_Rotavirus_C_Strain_NULL_NSP4     0.0855810 0.0375855 0.0441843 0.0443348 0.0573917 0.0645442 0.0640287 0.0059826 0.0120929 0.0120849 0.0059826 0.0059826 0.0120194 0.0120413 0.0120774 0.0308949 0.0245536 0.0245731 0.0245185 0.0182362 0.0182362 0.0182362 0.0245622 0.0183279 0.0378442 0.0442868 0.0000000 0.1485421 0.1411985 0.1500484 0.1416746 0.1339131 0.1327959 0.1327959 0.1404336 0.1585878 0.1666690 0.1562489 0.1822977 0.1905186 0.1956551 0.0934943 0.1723338 0.1390083 2.1472526 2.1836945 2.2971712 2.2433539 2.2547584 2.4980719 2.2816663 2.1788471 1.1119183 1.1119183 1.1482365 1.1220146 1.1437849 
AY770976_Human_NULL_NULL_Rotavirus_C_Strain_NULL_NSP4             0.1032089 0.1033582 0.1110430 0.1105698 0.0897828 0.0968566 0.0961614 0.1393137 0.1478713 0.1323950 0.1500425 0.1398581 0.1470737 0.1469591 0.1389762 0.1248525 0.1321787 0.1325933 0.1709829 0.1398060 0.1459487 0.1561072 0.1621645 0.1619464 0.1817176 0.1416815 0.1485421 0.0000000 0.0163444 0.0220008 0.0275357 0.0219173 0.0219024 0.0274624 0.0274624 0.0276826 0.0333845 0.0449017 0.0572122 0.0632548 0.0583807 0.0828485 0.1535369 0.1029917 2.0305653 1.9902821 2.0292628 2.0227513 2.0509555 2.3456216 2.2858358 2.1766782 1.0809405 1.0959510 1.1132014 1.0899170 1.2104006 
JN969079_Human_Russia_2008_05_XX_Rotavirus_C_Strain_NULL_NSP4     0.0969021 0.0970591 0.1046617 0.1041986 0.0835909 0.0768218 0.0899275 0.1327544 0.1412165 0.1258614 0.1429659 0.1332690 0.1404301 0.1403409 0.1324330 0.1183809 0.1256539 0.1260443 0.1636282 0.1332448 0.1390873 0.1487839 0.1548923 0.1549583 0.1742432 0.1342878 0.1411985 0.0163444 0.0000000 0.0053759 0.0107680 0.0053569 0.0053531 0.0107374 0.0107374 0.0108202 0.0163101 0.0391786 0.0513610 0.0573645 0.0521241 0.0901549 0.1462341 0.0967300 2.0110895 1.9711246 2.0098840 2.0033641 2.0314786 2.3261656 2.2391556 2.1312711 1.1060807 1.1213335 1.1389628 1.1152310 1.2378614 
KC847038_Human_Russia_2008_05_XX_Rotavirus_C_Strain_NULL_NSP4     0.1040678 0.1042171 0.1119858 0.1115069 0.0905041 0.0835909 0.0969456 0.1405642 0.1492278 0.1335715 0.1515097 0.1411200 0.1484199 0.1482987 0.1402203 0.1259435 0.1333515 0.1337746 0.1727461 0.1410616 0.1473273 0.1576943 0.1638084 0.1635234 0.1836335 0.1422283 0.1500484 0.0220008 0.0053759 0.0000000 0.0163034 0.0108138 0.0108062 0.0162580 0.0162580 0.0163852 0.0219557 0.0452134 0.0576263 0.0637201 0.0584953 0.0971845 0.1550919 0.1038421 2.0434274 2.0033053 2.0425660 2.0360127 2.0644738 2.3636822 2.2750846 2.1654098 1.1267877 1.1421942 1.1600799 1.1360520 1.2600830 
JN969080_Human_Russia_2009_03_XX_Rotavirus_C_Strain_NULL_NSP4     0.0972454 0.0974023 0.1050255 0.1045609 0.0838962 0.0771055 0.0902508 0.1331721 0.1416481 0.1262693 0.1434261 0.1336891 0.1408602 0.1407694 0.1328494 0.1187743 0.1260610 0.1264534 0.1641133 0.1336632 0.1395306 0.1492639 0.1553714 0.1554186 0.1745872 0.1347131 0.1416746 0.0275357 0.0107680 0.0163034 0.0000000 0.0053779 0.0162322 0.0217069 0.0217069 0.0218779 0.0274810 0.0509070 0.0634179 0.0695364 0.0648243 0.1035463 0.1620752 0.1099318 2.0363366 1.9954032 2.0477663 1.9716562 1.9996495 2.3545747 2.2018517 2.0949079 1.0976483 1.1127093 1.1300799 1.1066745 1.2276050 
KP735977_Human_Russia_2009_02_21_Rotavirus_C_Strain_NULL_NSP4     0.0907071 0.0908689 0.0983823 0.0979319 0.0775135 0.0708188 0.0838079 0.1262604 0.1346105 0.1194052 0.1359398 0.1267450 0.1338393 0.1337736 0.1259557 0.1119977 0.1192067 0.1195733 0.1562668 0.1267461 0.1322810 0.1414957 0.1476381 0.1479885 0.1665641 0.1276978 0.1339131 0.0219173 0.0053569 0.0108138 0.0053779 0.0000000 0.0107673 0.0161982 0.0161982 0.0163244 0.0218726 0.0450270 0.0573785 0.0634419 0.0586414 0.0969784 0.1542081 0.1033402 2.0456551 2.0048028 2.0448218 1.9810926 2.0091020 2.3643503 2.2114934 2.1043816 1.1157291 1.1309724 1.1486253 1.1248841 1.2474696 
KP735973_Human_Russia_2008_04_23_Rotavirus_C_Strain_NULL_NSP4     0.1034737 0.1036230 0.1113332 0.1108582 0.0900054 0.0831399 0.0964033 0.1253032 0.1335930 0.1327544 0.1348512 0.1257807 0.1328282 0.1327663 0.1250024 0.1251868 0.1325370 0.1329541 0.1550239 0.1257854 0.1312451 0.1403366 0.1464533 0.1468484 0.1654102 0.1413337 0.1327959 0.0219024 0.0053531 0.0108062 0.0162322 0.0107673 0.0000000 0.0053218 0.0053218 0.0163132 0.0218577 0.0449966 0.0573391 0.0633978 0.0581987 0.0966400 0.1540059 0.1032539 2.0299388 1.9899701 2.0289344 2.0224117 2.0506626 2.3470684 2.2594522 2.1508613 1.1187047 1.1340497 1.1518342 1.1279237 1.2514031 
KP735980_Human_Russia_2009_05_17_Rotavirus_C_Strain_NULL_NSP4     0.1100036 0.1101424 0.1179639 0.1174794 0.0963706 0.0894076 0.1028334 0.1320926 0.1405230 0.1396359 0.1422241 0.1326028 0.1397399 0.1396534 0.1317737 0.1319698 0.1394081 0.1398536 0.1628105 0.1325814 0.1383779 0.1480014 0.1541013 0.1541980 0.1733942 0.1483855 0.1327959 0.0274624 0.0107374 0.0162580 0.0217069 0.0161982 0.0053218 0.0000000 0.0106750 0.0218183 0.0274079 0.0507846 0.0632736 0.0693830 0.0642298 0.1030783 0.1612852 0.1097322 2.0608233 2.0206847 2.0601547 2.0535893 2.0821830 2.3830846 2.2938826 2.1835225 1.1379763 1.1534812 1.1715223 1.1473108 1.2722131 
KP735981_Human_Russia_2009_05_20_Rotavirus_C_Strain_NULL_NSP4     0.1100036 0.1101424 0.1179639 0.1174794 0.0963706 0.0894076 0.1028334 0.1320926 0.1405230 0.1396359 0.1422241 0.1326028 0.1397399 0.1396534 0.1317737 0.1319698 0.1394081 0.1398536 0.1628105 0.1325814 0.1383779 0.1480014 0.1541013 0.1541980 0.1733942 0.1483855 0.1404336 0.0274624 0.0107374 0.0162580 0.0217069 0.0161982 0.0053218 0.0106750 0.0000000 0.0218183 0.0274079 0.0507846 0.0632736 0.0693830 0.0642298 0.1030783 0.1618292 0.1097322 2.0608233 2.0206847 2.0601547 2.0535893 2.0821830 2.3830846 2.2938826 2.1835225 1.1379763 1.1534812 1.1715223 1.1473108 1.2722131 
KP776585_Human_Hungary_2013_XX_XX_Rotavirus_C_Strain_G4P_2__NSP4  0.1110491 0.1111870 0.1190995 0.1186091 0.0972651 0.0902251 0.1037969 0.1480971 0.1569410 0.1410208 0.1597435 0.1486927 0.1561171 0.1559620 0.1477319 0.1332639 0.1407888 0.1412444 0.1814996 0.1485977 0.1552680 0.1662718 0.1723793 0.1717537 0.1926310 0.1498882 0.1585878 0.0276826 0.0108202 0.0163852 0.0218779 0.0163244 0.0163132 0.0218183 0.0218183 0.0000000 0.0053035 0.0512118 0.0638203 0.0699881 0.0647942 0.1040452 0.1636383 0.1107664 2.0419838 1.9800313 2.0411055 2.0336622 2.0620857 2.3608774 2.2534374 2.1444916 1.1466703 1.1622305 1.1803673 1.1560464 1.2814684 
KP776586_Human_Hungary_2013_XX_XX_Rotavirus_C_Strain_G4P_2__NSP4  0.1178230 0.1179458 0.1259675 0.1254708 0.1038674 0.0967244 0.1104681 0.1552570 0.1642354 0.1481302 0.1675254 0.1558890 0.1634027 0.1632135 0.1548731 0.1402805 0.1478873 0.1483735 0.1896655 0.1557563 0.1627871 0.1743469 0.1804173 0.1794736 0.2009653 0.1571641 0.1666690 0.0333845 0.0163101 0.0219557 0.0274810 0.0218726 0.0218577 0.0274079 0.0274079 0.0053035 0.0000000 0.0571827 0.0699537 0.0761786 0.0710307 0.1107234 0.1717102 0.1174812 2.0250158 1.9633221 2.0239553 2.0165647 2.0448079 2.3414278 2.2769698 2.1671493 1.1467024 1.1622630 1.1804004 1.1560788 1.2815012 
AY941783_Human_India_NULL_Rotavirus_C_Strain_NULL_NSP4            0.1167704 0.1168947 0.1248245 0.1243333 0.1029708 0.1102842 0.1094997 0.1461395 0.1548444 0.1391599 0.1574759 0.1467185 0.1540330 0.1538888 0.1457836 0.1315194 0.1389334 0.1393759 0.1798785 0.1475059 0.1540523 0.1648430 0.1708874 0.1693651 0.1908443 0.1478787 0.1562489 0.0449017 0.0391786 0.0452134 0.0509070 0.0450270 0.0449966 0.0507846 0.0507846 0.0512118 0.0571827 0.0000000 0.0330781 0.0387921 0.0907560 0.1097518 0.1610195 0.1092426 1.9671324 1.9914094 1.9951917 2.0451694 2.0738598 2.4130124 2.2061969 2.0980140 1.1273508 1.1428120 1.1607658 1.1366484 1.2611851 
HQ185641_Human_Bangladesh_2005_XX_XX_Rotavirus_C_Strain_NULL_NSP4 0.1313794 0.1314601 0.1396254 0.1396167 0.1171766 0.1247496 0.1238739 0.1692167 0.1783609 0.1620639 0.1825620 0.1699142 0.1775279 0.1772680 0.1688011 0.1541092 0.1618017 0.1628886 0.2051607 0.1697022 0.1773621 0.1898574 0.1957816 0.1942473 0.2166252 0.1713342 0.1822977 0.0572122 0.0513610 0.0576263 0.0634179 0.0573785 0.0573391 0.0632736 0.0632736 0.0638203 0.0699537 0.0330781 0.0000000 0.0053530 0.1047393 0.1241374 0.1781526 0.1235020 1.9667521 2.0174495 1.9983777 2.0487377 2.0776301 2.3831233 2.2407535 2.1311460 1.1342366 1.1497006 1.1676837 1.1435426 1.2681675 
HQ896719_Human_South                                              0.1383310 0.1383847 0.1466450 0.1466563 0.1239599 0.1316423 0.1307265 0.1765025 0.1857707 0.1693082 0.1904712 0.1772376 0.1849383 0.1846381 0.1760689 0.1612697 0.1690346 0.1701681 0.2134200 0.1769795 0.1850024 0.1980461 0.2039222 0.2020711 0.2250291 0.1787402 0.1905186 0.0632548 0.0573645 0.0637201 0.0695364 0.0634419 0.0633978 0.0693830 0.0693830 0.0699881 0.0761786 0.0387921 0.0053530 0.0000000 0.1114407 0.1309928 0.1860939 0.1302949 1.9347232 2.0365657 1.9655166 2.0147915 2.0432829 2.4042928 2.2443990 2.1347154 1.1150977 1.1303668 1.1480509 1.1242672 1.2471436 
KT206202_Human_Italy_2012_XX_XX_Rotavirus_C_Strain_G4P_2__NSP4    0.1265573 0.1412291 0.1496872 0.1491889 0.1264691 0.1188831 0.1333941 0.1807487 0.1902873 0.1733768 0.1954063 0.1815226 0.1894401 0.1891059 0.1802952 0.1651190 0.1730908 0.1737022 0.2190913 0.1812294 0.1896462 0.2033305 0.1918509 0.1904443 0.2109159 0.1752489 0.1956551 0.0583807 0.0521241 0.0584953 0.0648243 0.0586414 0.0581987 0.0642298 0.0642298 0.0647942 0.0710307 0.0907560 0.1047393 0.1114407 0.0000000 0.1252923 0.1812521 0.1252529 2.0178009 1.9186255 1.9741954 1.9861999 2.0142439 2.3200981 2.2107885 2.1045424 1.1551615 1.1708045 1.1890712 1.1645950 1.2576830 
AB740146_Human_Japan_2006_XX_XX_Rotavirus_C_Strain_NULL_NSP4      0.0825740 0.0699243 0.0762543 0.0765194 0.0573033 0.0637259 0.0632681 0.0898587 0.0973000 0.0834655 0.0963595 0.0901722 0.0968627 0.0967089 0.0966579 0.1032667 0.0966831 0.0968216 0.1290413 0.1033303 0.1076487 0.1149125 0.1210052 0.1082547 0.1301238 0.1050044 0.0934943 0.0828485 0.0901549 0.0971845 0.1035463 0.0969784 0.0966400 0.1030783 0.1030783 0.1040452 0.1107234 0.1097518 0.1241374 0.1309928 0.1252923 0.0000000 0.1366041 0.0890356 2.0159020 1.9935557 2.0248232 2.0170179 2.0453177 2.3305457 2.2929195 2.1830491 1.1813732 1.1815124 1.2159040 1.1909771 1.2115019 
JX857433_Human_Brazil_1993_XX_XX_Rotavirus_C_Strain_NULL_NSP4     0.1447495 0.1446515 0.1525779 0.1533228 0.1286073 0.1371633 0.1361192 0.1872695 0.1980432 0.1792265 0.1872695 0.1872695 0.1964052 0.1955156 0.1867588 0.1873068 0.1962404 0.1796018 0.2145098 0.2051454 0.2051454 0.2074795 0.1968785 0.1885935 0.2367826 0.2078263 0.1723338 0.1535369 0.1462341 0.1550919 0.1620752 0.1542081 0.1540059 0.1612852 0.1618292 0.1636383 0.1717102 0.1610195 0.1781526 0.1860939 0.1812521 0.1366041 0.0000000 0.0433546 2.2286212 2.1370106 2.3346968 2.2893552 2.3007134 2.4718697 2.4136962 2.3075456 1.3122370 1.3308601 1.3531259 1.3235814 1.3412897 
X83967_Human_NULL_NULL_Rotavirus_C_Strain_NULL_NSP4               0.0957794 0.0959314 0.1025521 0.1029417 0.0826075 0.0894835 0.0888451 0.1309527 0.1393720 0.1241934 0.1408171 0.1314497 0.1384596 0.1383792 0.1306414 0.1309835 0.1382969 0.1243691 0.1771231 0.1454512 0.1518151 0.1623039 0.1521203 0.1374557 0.1879000 0.1471024 0.1390083 0.1029917 0.0967300 0.1038421 0.1099318 0.1033402 0.1032539 0.1097322 0.1097322 0.1107664 0.1174812 0.1092426 0.1235020 0.1302949 0.1252529 0.0890356 0.0433546 0.0000000 1.9952527 1.8368913 1.9620427 1.8987679 1.9260299 2.2126881 2.1915366 2.0854748 1.2418764 1.2583571 1.2778763 1.2518823 1.2678374 
KC164673_Pig_USA_2011_07_22_Rotavirus_C_Strain_NULL_NSP4          2.0794411 1.9900658 2.0041513 2.0180599 2.0210173 2.0220033 2.0214651 2.0199523 2.0549378 2.0011046 2.1886954 2.0409642 2.0025014 2.0593545 2.0126105 2.0366024 2.0167967 2.0485004 2.1621000 1.9804091 2.0819134 2.1146743 2.1469331 2.1962023 2.1045649 1.9563119 2.1472526 2.0305653 2.0110895 2.0434274 2.0363366 2.0456551 2.0299388 2.0608233 2.0608233 2.0419838 2.0250158 1.9671324 1.9667521 1.9347232 2.0178009 2.0159020 2.2286212 1.9952527 0.0000000 0.4358818 0.3429237 0.3570482 0.3441385 0.3910492 0.7490941 0.7640152 2.8654965 2.9038293 2.8653181 2.8690723 2.9314116 
KC164676_Pig_USA_2011_12_XX_Rotavirus_C_Strain_NULL_NSP4          1.9826675 2.0096475 2.0239229 2.0381754 1.9763510 1.9777110 1.9767820 2.0513123 2.0250776 2.0320990 2.2616002 2.0730065 2.1094688 2.0400063 2.0440091 2.0601302 2.0512802 2.0691737 2.2426561 2.0109102 2.1498118 2.1496065 2.1595185 2.2087392 2.1409364 2.0379455 2.1836945 1.9902821 1.9711246 2.0033053 1.9954032 2.0048028 1.9899701 2.0206847 2.0206847 1.9800313 1.9633221 1.9914094 2.0174495 2.0365657 1.9186255 1.9935557 2.1370106 1.8368913 0.4358818 0.0000000 0.5223138 0.4420037 0.4280072 0.4577755 0.8432132 0.8368549 3.0595314 3.0991268 3.0594242 3.0635505 3.0655419 
KM099247_Pig_Czech                                                2.0240916 2.0588167 2.0732259 2.0878644 2.0196083 2.0209083 2.0200602 2.0899031 2.0575462 2.0704720 2.2847422 2.1121967 2.1492795 2.1311507 2.0827371 2.0473354 2.0339070 2.1195525 2.2660925 2.0489298 2.1711158 2.2595635 2.1818761 2.2306849 2.2025190 2.0346954 2.2971712 2.0292628 2.0098840 2.0425660 2.0477663 2.0448218 2.0289344 2.0601547 2.0601547 2.0411055 2.0239553 1.9951917 1.9983777 1.9655166 1.9741954 2.0248232 2.3346968 1.9620427 0.3429237 0.5223138 0.0000000 0.2570669 0.2467598 0.4672532 0.8873653 0.8699224 2.9169878 2.9564776 2.9168164 2.9207581 2.9755251 
KM099248_Pig_Czech                                                1.9602445 1.9948029 2.0091530 2.0232133 1.9557757 1.9570550 1.9561996 2.0252894 1.9932217 2.0060740 2.2336420 2.0467630 2.0831370 2.0655169 2.0178348 2.0422490 1.9702862 2.0542739 2.2140301 1.9849641 2.1224597 2.2072117 2.1309550 2.1814159 2.0872976 1.9704537 2.2433539 2.0227513 2.0033641 2.0360127 1.9716562 1.9810926 2.0224117 2.0535893 2.0535893 2.0336622 2.0165647 2.0451694 2.0487377 2.0147915 1.9861999 2.0170179 2.2893552 1.8987679 0.3570482 0.4420037 0.2570669 0.0000000 0.0152640 0.4604364 0.7649184 0.7561214 2.7830476 2.8214942 2.7828903 2.7865000 2.7995812 
KM099249_Pig_Czech                                                1.9882557 2.0229745 2.0373835 2.0517272 1.9837677 1.9850597 1.9842048 2.0537921 2.0215228 2.0344379 2.2444632 2.0756718 2.1124283 2.0945520 2.0464494 2.0707885 1.9982219 2.0831275 2.2250376 2.0130905 2.1326536 2.2182748 2.1416333 2.1918029 2.0978085 1.9986615 2.2547584 2.0509555 2.0314786 2.0644738 1.9996495 2.0091020 2.0506626 2.0821830 2.0821830 2.0620857 2.0448079 2.0738598 2.0776301 2.0432829 2.0142439 2.0453177 2.3007134 1.9260299 0.3441385 0.4280072 0.2467598 0.0152640 0.0000000 0.4454722 0.7413608 0.7577848 2.7140292 2.7520778 2.7138624 2.7173354 2.7306242 
KM099250_Pig_Czech                                                2.3115366 2.3027336 2.3179395 2.3357820 2.2950141 2.2976783 2.2956154 2.3375832 2.3043289 2.3166047 2.5731880 2.3641483 2.3194301 2.3412141 2.3315266 2.3551209 2.2899537 2.3713769 2.5516762 2.2869722 2.4345517 2.4475329 2.4706223 2.5187861 2.4810392 2.2894013 2.4980719 2.3456216 2.3261656 2.3636822 2.3545747 2.3643503 2.3470684 2.3830846 2.3830846 2.3608774 2.3414278 2.4130124 2.3831233 2.4042928 2.3200981 2.3305457 2.4718697 2.2126881 0.3910492 0.4577755 0.4672532 0.4604364 0.4454722 0.0000000 0.8063538 0.8250874 3.0992403 3.1397054 3.0991119 3.1034388 3.1052105 
KM099251_Pig_Czech                                                2.1634231 2.1637424 2.1785344 2.1944736 2.1588686 2.1598444 2.1593937 2.2101570 2.2482811 2.1899705 2.3911027 2.2344596 2.1922227 2.2541267 2.2034046 2.1970184 2.1963166 2.2317796 2.3773022 2.1698975 2.2801872 2.2585802 2.2890893 2.3406195 2.3212344 2.1936087 2.2816663 2.2858358 2.2391556 2.2750846 2.2018517 2.2114934 2.2594522 2.2938826 2.2938826 2.2534374 2.2769698 2.2061969 2.2407535 2.2443990 2.2107885 2.2929195 2.4136962 2.1915366 0.7490941 0.8432132 0.8873653 0.7649184 0.7413608 0.8063538 0.0000000 0.0257532 2.8863234 2.9246690 2.8753394 2.8899344 2.9820296 
KM099253_Pig_Czech                                                2.0583925 2.0586146 2.0730161 2.0876444 2.0539181 2.0549038 2.0543842 2.1029827 2.1393461 2.0835304 2.2891338 2.1254165 2.0853001 2.1443852 2.0958845 2.0904370 2.0896270 2.1232496 2.2736339 2.0646805 2.1851998 2.1589784 2.1896454 2.2430997 2.2545239 2.0866920 2.1788471 2.1766782 2.1312711 2.1654098 2.0949079 2.1043816 2.1508613 2.1835225 2.1835225 2.1444916 2.1671493 2.0980140 2.1311460 2.1347154 2.1045424 2.1830491 2.3075456 2.0854748 0.7640152 0.8368549 0.8699224 0.7561214 0.7577848 0.8250874 0.0257532 0.0000000 2.8203627 2.8580564 2.8095951 2.8238068 2.9135515 
EF029889_Human_Brazil_NULL_Rotavirus_C_Strain_NULL_NSP4           1.1785136 1.1683092 1.1708794 1.1667269 1.1400422 1.1627802 1.1553759 1.1673318 1.1907272 1.1544086 1.1712672 1.1769342 1.1998751 1.1898653 1.1319968 1.1646666 1.1886524 1.1658024 1.1688766 1.1728486 1.1805244 1.1330458 1.1463498 1.2171929 1.1558936 1.2052081 1.1119183 1.0809405 1.1060807 1.1267877 1.0976483 1.1157291 1.1187047 1.1379763 1.1379763 1.1466703 1.1467024 1.1273508 1.1342366 1.1150977 1.1551615 1.1813732 1.3122370 1.2418764 2.8654965 3.0595314 2.9169878 2.7830476 2.7140292 3.0992403 2.8863234 2.8203627 0.0000000 0.0047755 0.0096546 0.0048130 0.0806322 
EF029893_Human_Brazil_NULL_Rotavirus_C_Strain_NULL_NSP4           1.1642051 1.1475916 1.1501577 1.1461085 1.1260188 1.1485996 1.1412477 1.1466979 1.1697481 1.1339742 1.1492974 1.1560303 1.1785965 1.1687796 1.1532869 1.1441176 1.1676515 1.1452649 1.1465340 1.1520965 1.1588832 1.1110147 1.1243048 1.1949290 1.1336823 1.1839074 1.1119183 1.0959510 1.1213335 1.1421942 1.1127093 1.1309724 1.1340497 1.1534812 1.1534812 1.1622305 1.1622630 1.1428120 1.1497006 1.1303668 1.1708045 1.1815124 1.3308601 1.2583571 2.9038293 3.0991268 2.9564776 2.8214942 2.7520778 3.1397054 2.9246690 2.8580564 0.0047755 0.0000000 0.0145633 0.0096796 0.0864916 
EF029908_Human_Brazil_NULL_Rotavirus_C_Strain_NULL_NSP4           1.2128033 1.2024279 1.2049926 1.2006931 1.1734475 1.1966818 1.1891151 1.2013229 1.2251624 1.1881411 1.2074881 1.2113238 1.2347642 1.2244883 1.1651068 1.1985300 1.2231329 1.1996452 1.2057326 1.2069994 1.2161253 1.1696217 1.1828560 1.2536457 1.1926216 1.2401009 1.1482365 1.1132014 1.1389628 1.1600799 1.1300799 1.1486253 1.1518342 1.1715223 1.1715223 1.1803673 1.1804004 1.1607658 1.1676837 1.1480509 1.1890712 1.2159040 1.3531259 1.2778763 2.8653181 3.0594242 2.9168164 2.7828903 2.7138624 3.0991119 2.8753394 2.8095951 0.0096546 0.0145633 0.0000000 0.0146793 0.0929761 
EF029912_Human_Brazil_NULL_Rotavirus_C_Strain_NULL_NSP4           1.1811070 1.1778009 1.1803692 1.1761759 1.1493350 1.1722096 1.1579721 1.1767874 1.2003048 1.1637933 1.1813372 1.1864994 1.2095772 1.1994942 1.1412095 1.1740872 1.1982429 1.1752165 1.1791228 1.1823490 1.1904244 1.1432151 1.1564998 1.2273244 1.1661039 1.2149115 1.1220146 1.0899170 1.1152310 1.1360520 1.1066745 1.1248841 1.1279237 1.1473108 1.1473108 1.1560464 1.1560788 1.1366484 1.1435426 1.1242672 1.1645950 1.1909771 1.3235814 1.2518823 2.8690723 3.0635505 2.9207581 2.7865000 2.7173354 3.1034388 2.8899344 2.8238068 0.0048130 0.0096796 0.0146793 0.0000000 0.0872518 
EF029922_Human_Brazil_NULL_Rotavirus_C_Strain_NULL_NSP4           1.1681741 1.1981106 1.1766595 1.1963989 1.1692895 1.1924043 1.1848763 1.1970239 1.2207519 1.1839066 1.2028893 1.2069505 1.2302734 1.2200547 1.1610076 1.1942540 1.2187213 1.1953687 1.2401040 1.2387939 1.2492623 1.2038717 1.2169873 1.2489088 1.2269318 1.2355981 1.1437849 1.2104006 1.2378614 1.2600830 1.2276050 1.2474696 1.2514031 1.2722131 1.2722131 1.2814684 1.2815012 1.2611851 1.2681675 1.2471436 1.2576830 1.2115019 1.3412897 1.2678374 2.9314116 3.0655419 2.9755251 2.7995812 2.7306242 3.1052105 2.9820296 2.9135515 0.0806322 0.0864916 0.0929761 0.0872518 0.0000000 
