92
AB037931_Human_India_NULL_Rotavirus_B_Strain_NULL_VP6            0.0000000 0.0153014 0.0310114 0.0509913 0.0469982 0.0553376 0.0726166 0.0682752 0.0770744 0.0770783 0.0815192 0.0814201 0.0855260 0.0951944 0.1139718 0.1138453 0.1135152 0.1129383 0.1178616 0.1131757 0.1409359 0.3225420 7.4319369 6.2846022 6.3571928 6.6979233 7.0427953 6.8749105 6.8659365 6.6176528 6.5029238 6.8937333 6.8162455 6.8166618 6.5956816 6.3560918 6.4990029 6.7786321 6.9929548 6.9498082 6.8051500 6.6536877 6.6035382 6.3175884 6.8356517 6.8600980 6.6213203 6.6481833 6.7525823 6.6076542 6.5931997 6.4829266 6.4767200 6.4477276 6.4440869 6.2376114 6.1211659 6.7148218 6.4342571 6.4647820 6.4646953 6.5062260 6.4999907 6.9824665 6.8993434 6.4375900 7.1679485 7.0478122 6.6181497 6.5675183 6.9421769 7.0670495 6.7423990 6.3163651 6.2411940 6.3632380 6.4427813 6.4427813 6.0787410 6.1313350 6.3737917 6.6518351 6.4483606 6.5550172 8.9999981 8.9999986 8.9999981 8.9999989 8.9999986 8.9999982 8.9999988 8.9999985 
JQ904199_Human_India_1995_11_XX_Rotavirus_B_Strain_NULL_VP6      0.0153014 0.0000000 0.0311386 0.0512021 0.0471923 0.0555679 0.0685477 0.0642272 0.0774015 0.0774054 0.0818663 0.0817664 0.0858894 0.0956043 0.1144689 0.1143412 0.1140083 0.1134262 0.1183731 0.1136656 0.1415501 0.3365662 7.3181191 6.2294614 6.3014156 6.6402896 6.9828771 6.9954586 6.9861008 6.7314911 6.6231864 6.9779420 6.8712073 6.8383528 6.6438673 6.4721604 6.5534815 6.7750340 6.9906557 6.9699401 6.8742999 6.6739338 6.6012359 6.3216064 6.6982036 6.7224999 6.4916288 6.5140143 6.6156830 6.5552043 6.5177088 6.4081044 6.3590294 6.3156199 6.3885619 6.1078187 5.9924373 6.5917252 6.3168854 6.3473569 6.3471914 6.3880444 6.5667561 6.8348669 6.8458828 6.3676432 7.0061646 6.9912090 6.5621224 6.5115712 6.8861140 7.0107840 6.7399844 6.2537595 6.1258072 6.2353415 6.3102924 6.3102924 6.1063199 6.1592207 6.2951955 6.6262198 6.4229482 6.4714726 8.9999990 8.9999984 8.9999980 8.9999988 8.9999985 8.9999981 8.9999987 8.9999985 
JN009779_Human_India_2000_10_XX_Rotavirus_B_Strain_NULL_VP6      0.0310114 0.0311386 0.0000000 0.0428315 0.0388798 0.0470833 0.0474949 0.0433478 0.0517283 0.0517308 0.0559680 0.0559001 0.0599142 0.0689742 0.0868534 0.0867607 0.0865164 0.0860985 0.0907523 0.0862741 0.1313237 0.3432271 7.2749158 6.1592040 6.2308179 6.5317544 6.9114134 6.8870300 6.8780082 6.6835380 6.5606908 6.8694337 6.8234064 6.7726922 6.5484708 6.4683366 6.5492006 6.7703737 6.9609317 7.0022462 6.8262718 6.7248853 6.6157838 6.3761106 6.6823550 6.7066121 6.4635122 6.4857482 6.5866665 6.4415872 6.4513709 6.2968880 6.2994845 6.2552429 6.2681601 6.0707100 5.9555944 6.5294977 6.2575060 6.2526499 6.2524192 6.2927087 6.5655984 6.8682509 6.8136484 6.2803933 6.9764322 6.9111226 6.4858780 6.4357833 6.8075390 6.9310203 6.8361216 6.1035077 6.0682091 6.2337826 6.3551912 6.3551912 6.1261816 6.1792195 6.2654668 6.6174423 6.4153300 6.4636215 8.9999981 8.9999985 8.9999980 8.9999989 8.9999985 8.9999988 8.9999986 8.9999985 
AY238389_Human_NULL_NULL_Rotavirus_B_Strain_NULL_VP6             0.0509913 0.0512021 0.0428315 0.0000000 0.0037719 0.0114174 0.0763752 0.0720316 0.0898390 0.0898436 0.0943761 0.0942615 0.0984031 0.1083586 0.1279145 0.1273988 0.1270250 0.1263653 0.1314132 0.1266342 0.0989689 0.3826655 7.2711608 6.1065424 6.1874562 6.5053268 6.8836697 6.8507852 6.8418757 6.7464393 6.5294725 7.0109131 6.8830056 6.7931969 6.5776367 6.4594024 6.5405059 6.8232962 7.0199853 6.9004776 6.8288040 6.6306829 6.5683746 6.2718652 6.6203983 6.7224847 6.4918047 6.4869165 6.5877823 6.4150413 6.4337982 6.3861736 6.2632183 6.2823092 6.2940232 6.1160578 6.0674666 6.5776826 6.3035644 6.2529274 6.2526975 6.2928915 6.6377260 6.8150863 6.7469134 6.2806020 7.0593022 6.9908667 6.5096763 6.4597050 6.8217285 6.9535470 6.6701917 6.0252397 6.0741949 6.1377200 6.2585539 6.2585539 6.0566174 6.1312550 6.2089320 6.6404733 6.4374948 6.4858663 8.9999984 8.9999988 8.9999981 8.9999989 8.9999987 8.9999990 8.9999986 8.9999984 
FJ851392_Human_Bangladesh_2001_06_XX_Rotavirus_B_Strain_NULL_VP6 0.0469982 0.0471923 0.0388798 0.0037719 0.0000000 0.0075996 0.0722426 0.0679247 0.0856183 0.0856226 0.0901275 0.0900180 0.0941503 0.1040168 0.1230789 0.1229406 0.1225810 0.1219485 0.1269585 0.1222071 0.0944301 0.3765151 7.3546457 6.1736552 6.2639924 6.5748854 6.9558633 6.9220780 6.9129217 6.8177767 6.5996388 7.0832710 6.9548660 6.8650068 6.6567492 6.5422877 6.6224701 6.9044088 7.0938249 6.9733167 6.9014746 6.7044414 6.6382926 6.3408785 6.7008083 6.8035386 6.5617268 6.5568217 6.6592193 6.4942762 6.5039537 6.4558963 6.3408478 6.3509047 6.3625275 6.1835761 6.0674666 6.6505388 6.3725885 6.3213595 6.3211765 6.3618304 6.7081307 6.8984439 6.8268609 6.3483249 7.1332357 7.0638526 6.5795850 6.5292851 6.9018008 7.0258310 6.7437670 6.0923835 6.1412445 6.2058713 6.3272522 6.3272522 6.1234992 6.1990455 6.2870366 6.6966068 6.4926230 6.5409157 8.9999984 8.9999989 8.9999982 8.9999989 8.9999987 8.9999980 8.9999986 8.9999984 
GU391305_Human_Bangladesh_2002_03_XX_Rotavirus_B_Strain_NULL_VP6 0.0553376 0.0555679 0.0470833 0.0114174 0.0075996 0.0000000 0.0810309 0.0766319 0.0946774 0.0946823 0.0902179 0.0991531 0.1033305 0.1134509 0.1328965 0.1327447 0.1323514 0.1316548 0.1367784 0.1319376 0.0855749 0.3769754 7.3621233 6.1776975 6.2679754 6.5786617 6.9594262 6.9256265 6.9164659 6.8214202 6.5912717 7.0810967 6.9584137 6.9002345 6.7037866 6.5777839 6.6577583 6.9399843 7.0895775 6.9817007 6.9499492 6.7448495 6.6765170 6.3783246 6.7400009 6.8432098 6.5577525 6.5528440 6.6552480 6.4902165 6.4999127 6.4642903 6.3408478 6.3267179 6.3997241 6.2200862 6.1035105 6.6248667 6.3482526 6.3584788 6.3583209 6.3992607 6.7467006 6.9394154 6.8268608 6.3850852 7.1332358 7.0381109 6.5877746 6.5375271 6.8980365 7.0335350 6.7178346 6.0686640 6.1412445 6.2058714 6.3272522 6.3272522 6.1192770 6.1948450 6.2910804 6.7003298 6.4964600 6.5447034 8.9999984 8.9999988 8.9999981 8.9999989 8.9999988 8.9999981 8.9999986 8.9999984 
JN009778_Human_India_2004_02_XX_Rotavirus_B_Strain_NULL_VP6      0.0726166 0.0685477 0.0474949 0.0763752 0.0722426 0.0810309 0.0000000 0.0037984 0.0434604 0.0434624 0.0476317 0.0475741 0.0515564 0.0604182 0.0780007 0.0779186 0.0777014 0.0862142 0.0731128 0.0774888 0.1410254 0.4227382 7.2041073 6.1383259 6.2101165 6.4707753 6.8955162 6.8467449 6.8377783 6.7086749 6.6248824 6.9565386 6.8836020 6.7031804 6.4664344 6.7091215 6.7664016 6.8860139 7.0123347 6.9802172 6.9528189 6.7726237 6.6748060 6.4037672 6.6729324 6.7525858 6.5825990 6.6053202 6.7087761 6.5529655 6.5584091 6.4526533 6.4402243 6.3422349 6.3922043 6.2087200 6.0926455 6.4946424 6.3906607 6.3887044 6.3885661 6.4299095 6.6263579 6.8414829 6.8690289 6.3445099 7.0278430 6.9641681 6.4801248 6.4298566 6.8571486 6.9267985 6.8277116 6.1493391 6.0346645 6.2706664 6.3670206 6.3670206 6.1291821 6.1424709 6.2693002 6.6354112 6.4693989 6.5710554 8.9999982 8.9999985 8.9999989 8.9999988 8.9999985 8.9999990 8.9999987 8.9999987 
JQ904202_Human_India_2004_02_XX_Rotavirus_B_Strain_NULL_VP6      0.0682752 0.0642272 0.0433478 0.0720316 0.0679247 0.0766319 0.0037984 0.0000000 0.0393378 0.0393397 0.0434716 0.0434191 0.0473820 0.0561375 0.0735552 0.0734784 0.0732748 0.0817328 0.0687393 0.0730769 0.1360853 0.4147909 7.2224957 6.1561827 6.2280538 6.4885866 6.9135622 6.8647434 6.8557238 6.7267461 6.5965391 6.9745593 6.9017065 6.7212477 6.4844371 6.7281532 6.7851915 6.9042735 6.9832790 6.9514351 6.9238952 6.7430809 6.6466769 6.4218900 6.6910939 6.7403836 6.5545179 6.5771497 6.6801158 6.5245085 6.5300827 6.4245387 6.4122064 6.3601704 6.4101326 6.1810979 6.0651411 6.5132068 6.3626789 6.3606112 6.3604537 6.4016637 6.6443033 6.8602474 6.8405856 6.3623643 6.9988156 6.9354018 6.4519933 6.4017889 6.8287416 6.8982624 6.8465902 6.1673016 6.0525581 6.2887287 6.3850342 6.3850342 6.1015311 6.1146659 6.2874738 6.6534514 6.4873381 6.5889469 8.9999982 8.9999985 8.9999989 8.9999988 8.9999985 8.9999990 8.9999987 8.9999987 
JQ904204_Human_India_2006_10_XX_Rotavirus_B_Strain_NULL_VP6      0.0770744 0.0774015 0.0517283 0.0898390 0.0856183 0.0946774 0.0434604 0.0393378 0.0000000 0.0076483 0.0115233 0.0115095 0.0153501 0.0233682 0.0521781 0.0437350 0.0395182 0.0476095 0.0435311 0.0394213 0.1663466 0.4079467 7.1591700 6.0861675 6.1572118 6.4205821 6.8427996 6.8179510 6.8091102 6.6500205 6.5455251 6.9425548 6.7850080 6.7134738 6.5098228 6.6339053 6.6677047 6.8287889 6.8990061 6.9808867 6.8479136 6.6496983 6.5532527 6.3757658 6.6963115 6.6887968 6.5080241 6.5304239 6.6321995 6.4865479 6.4775001 6.3641111 6.3599738 6.2575963 6.3229497 6.1317313 6.0160699 6.5277127 6.3125419 6.2912006 6.2909955 6.3317378 6.6636562 6.8161246 6.7770238 6.3032089 6.9384269 6.8650441 6.4337795 6.3846840 6.8097601 6.8554923 6.8297209 6.1183229 6.0494095 6.2852623 6.4467321 6.4467321 6.0986006 6.1513194 6.2742551 6.6075527 6.4200685 6.5210700 8.9999980 8.9999985 8.9999990 8.9999988 8.9999982 8.9999989 8.9999987 8.9999986 
FJ811827_Human_Myanmar_2007_11_XX_Rotavirus_B_Strain_NULL_VP6    0.0770783 0.0774054 0.0517308 0.0898436 0.0856226 0.0946823 0.0434624 0.0393397 0.0076483 0.0000000 0.0115238 0.0115100 0.0153508 0.0233692 0.0521806 0.0437370 0.0395200 0.0476118 0.0435332 0.0394231 0.1663564 0.4079810 7.1591679 6.0636821 6.1345615 6.3978108 6.8193771 6.7946306 6.7858655 6.6500190 6.5222983 6.9425559 6.7850058 6.7134702 6.5329422 6.6732802 6.6677021 6.8287864 6.8990036 7.0196678 6.8479112 6.6496957 6.5532502 6.3757634 6.6963091 6.7268299 6.5080217 6.5304215 6.6321971 6.4865454 6.4774976 6.3640530 6.3599714 6.2575939 6.3229473 6.1317289 6.0160675 6.5276522 6.3125395 6.2911981 6.2909931 6.3317354 6.6404542 6.8161221 6.7770214 6.3032065 6.9384244 6.8650426 6.4337770 6.3846816 6.8097577 6.8554899 6.8543117 6.1183205 6.0719854 6.2852504 6.3878291 6.3878291 6.1056523 6.1585227 6.2974758 6.5715009 6.3618874 6.4627253 8.9999980 8.9999985 8.9999990 8.9999988 8.9999982 8.9999989 8.9999987 8.9999986 
GU377217_Human_India_2008_01_XX_Rotavirus_B_Strain_NULL_VP6      0.0815192 0.0818663 0.0559680 0.0943761 0.0901275 0.0902179 0.0476317 0.0434716 0.0115233 0.0115238 0.0000000 0.0154149 0.0192739 0.0194026 0.0479837 0.0396112 0.0354351 0.0434817 0.0394282 0.0353493 0.1613194 0.4008759 7.1352074 6.1160323 6.1874270 6.4514320 6.8752618 6.7904691 6.7817121 6.6224417 6.5179735 6.9442213 6.7808148 6.7325080 6.5416193 6.6049024 6.6390701 6.8008257 6.8708275 6.9654989 6.8327014 6.6876260 6.5303190 6.3528039 6.7330771 6.7257065 6.4851335 6.5074499 6.6087856 6.5226575 6.5135799 6.3641150 6.3371836 6.2927701 6.3002639 6.1664211 6.0504242 6.5039002 6.3479786 6.3266394 6.3264587 6.3674351 6.6998638 6.8161271 6.7770261 6.3381815 6.9761185 6.9021620 6.4694822 6.4202442 6.8464427 6.8923808 6.8298486 6.0957949 6.0495416 6.2853930 6.3879680 6.3879680 6.0987314 6.1514507 6.2928443 6.5441441 6.3575340 6.4584392 8.9999989 8.9999983 8.9999989 8.9999988 8.9999982 8.9999989 8.9999986 8.9999986 
JQ904205_Human_India_2007_06_XX_Rotavirus_B_Strain_NULL_VP6      0.0814201 0.0817664 0.0559001 0.0942615 0.0900180 0.0991531 0.0475741 0.0434191 0.0115095 0.0115100 0.0154149 0.0000000 0.0192508 0.0273548 0.0563892 0.0478766 0.0436196 0.0517542 0.0476515 0.0435113 0.1713997 0.4074010 7.1303101 6.0362648 6.1069852 6.4160271 6.8194867 6.8362232 6.8273291 6.6451907 6.5407875 6.9609880 6.8034862 6.7086022 6.5282351 6.6042352 6.6143295 6.7765597 6.9177184 6.9521359 6.8428212 6.6446606 6.5485421 6.3941783 6.6914011 6.6838714 6.5262809 6.5487301 6.6507791 6.5050041 6.4959523 6.3824089 6.3554317 6.2531551 6.3184553 6.1274293 6.0118825 6.5228406 6.3080335 6.2867051 6.2864971 6.3271845 6.6588390 6.7625627 6.7720967 6.2987654 6.9332549 6.8599913 6.4291633 6.3801158 6.8047968 6.8504756 6.9123579 6.1365880 6.0791246 6.3159223 6.3828469 6.3828469 6.0711776 6.1236594 6.3160574 6.6258845 6.4383000 6.5392474 8.9999989 8.9999983 8.9999990 8.9999988 8.9999981 8.9999989 8.9999987 8.9999986 
GU377228_Human_India_2007_11_XX_Rotavirus_B_Strain_NULL_VP6      0.0855260 0.0858894 0.0599142 0.0984031 0.0941503 0.1033305 0.0515564 0.0473820 0.0153501 0.0153508 0.0192739 0.0192508 0.0000000 0.0312726 0.0604400 0.0518852 0.0476017 0.0557540 0.0516400 0.0474825 0.1759041 0.4209767 7.1562132 6.1594377 6.2309643 6.4259155 6.8479580 6.8231046 6.8142534 6.6552953 6.5508625 6.9243671 6.7668104 6.7334691 6.5293522 6.5903149 6.5629031 6.7866461 6.9042420 6.9941755 6.8635896 6.6552005 6.5121869 6.3918006 6.7332053 6.7416153 6.5363140 6.5588221 6.6268751 6.5151159 6.5060489 6.3922553 6.3190805 6.2128854 6.3280803 6.2052584 6.0892241 6.5571473 6.3257850 6.3193284 6.3191428 6.3600524 6.7155320 6.8215042 6.7822128 6.3162888 6.9679908 6.8702379 6.3544241 6.3054881 6.7894067 6.7748059 6.8351394 6.1694859 6.1085977 6.3600825 6.4626495 6.4626495 6.1396135 6.1928048 6.3346730 6.5486236 6.3620167 6.4628933 8.9999982 8.9999986 8.9999990 8.9999988 8.9999984 8.9999989 8.9999987 8.9999987 
JQ904207_Human_India_2009_10_XX_Rotavirus_B_Strain_NULL_VP6      0.0951944 0.0956043 0.0689742 0.1083586 0.1040168 0.1134509 0.0604182 0.0561375 0.0233682 0.0233692 0.0194026 0.0273548 0.0312726 0.0000000 0.0439048 0.0355843 0.0314396 0.0394580 0.0354209 0.0313643 0.1880577 0.4432029 7.1099143 6.0903502 6.1613167 6.4124905 6.8344461 6.7443911 6.7357971 6.5766511 6.4902193 6.9090719 6.7868344 6.7424427 6.5604908 6.5359320 6.5708662 6.7785372 6.8303386 6.9565756 6.8259276 6.6895855 6.5557880 6.3469208 6.7349297 6.7275738 6.4642296 6.4864771 6.5874478 6.4697699 6.4704577 6.3542782 6.3554289 6.2460397 6.3253807 6.1578031 6.0417574 6.5349075 6.3528895 6.3386097 6.3286774 6.3696219 6.7112327 6.8564424 6.7367169 6.2924707 6.9390183 6.8635093 6.4198489 6.3707898 6.7956054 6.8412773 6.7730276 6.0265117 6.0263292 6.2611250 6.3634200 6.3634200 6.0967355 6.1494664 6.3863343 6.6934050 6.5051561 6.6060716 8.9999989 8.9999984 8.9999989 8.9999988 8.9999981 8.9999988 8.9999987 8.9999985 
JQ904208_Human_India_2010_03_XX_Rotavirus_B_Strain_NULL_VP6      0.1139718 0.1144689 0.0868534 0.1279145 0.1230789 0.1328965 0.0780007 0.0735552 0.0521781 0.0521806 0.0479837 0.0563892 0.0604400 0.0439048 0.0000000 0.0076833 0.0194688 0.0436967 0.0396225 0.0355227 0.1938200 0.4827275 7.1296985 6.1198059 6.1951001 6.4884958 6.9266737 6.7156909 6.7071843 6.5135202 6.5317247 6.8931222 6.7819931 6.7199868 6.5284851 6.5665860 6.6196253 6.8226279 6.9159199 6.9580935 6.8357423 6.6791634 6.5782784 6.3672597 6.6876058 6.7885167 6.3299505 6.3517703 6.4505117 6.5068010 6.5283351 6.3567341 6.3062238 6.3155645 6.2537474 6.0402579 5.9165263 6.4015817 6.3431962 6.2447887 6.2445506 6.2851247 6.7165655 6.8269744 6.6309630 6.2255962 6.9972183 6.7909755 6.4315951 6.3825932 6.8103774 6.7880959 6.7421647 6.0786080 6.1633765 6.3541521 6.4503775 6.4503775 6.1399603 6.1928946 6.2741681 6.5446173 6.3580476 6.4589249 8.9999982 8.9999985 8.9999990 8.9999989 8.9999983 8.9999988 8.9999986 8.9999985 
JQ904209_Human_India_2010_04_XX_Rotavirus_B_Strain_NULL_VP6      0.1138453 0.1143412 0.0867607 0.1273988 0.1229406 0.1327447 0.0779186 0.0734784 0.0437350 0.0437370 0.0396112 0.0478766 0.0518852 0.0355843 0.0076833 0.0000000 0.0115749 0.0354208 0.0314047 0.0273744 0.1991588 0.4818968 7.0807006 6.1180492 6.1893789 6.4868269 6.9250779 6.7140627 6.7055589 6.5118305 6.5300338 6.8915216 6.7803640 6.7183458 6.5231306 6.5543517 6.6076622 6.8112589 6.9079664 6.9502034 6.8277442 6.6952786 6.5703263 6.3591470 6.6760197 6.7770066 6.3282287 6.3500488 6.4487881 6.5013747 6.5266436 6.3550199 6.2942404 6.3074536 6.2456423 6.0320311 5.9165260 6.4171206 6.3350671 6.2365994 6.2363553 6.2769209 6.7086814 6.7769479 6.6426799 6.2401834 6.9893071 6.7893372 6.4235560 6.3745330 6.7990979 6.7801900 6.7339111 6.0768339 6.1552263 6.3460167 6.4486770 6.4486770 6.1382165 6.1911498 6.2619560 6.5557428 6.3692857 6.4700351 8.9999982 8.9999985 8.9999990 8.9999989 8.9999983 8.9999988 8.9999986 8.9999985 
JN009777_Human_India_2009_04_XX_Rotavirus_B_Strain_NULL_VP6      0.1135152 0.1140083 0.0865164 0.1270250 0.1225810 0.1323514 0.0777014 0.0732748 0.0395182 0.0395200 0.0354351 0.0436196 0.0476017 0.0314396 0.0194688 0.0115749 0.0000000 0.0312976 0.0273158 0.0233251 0.1985201 0.4719673 7.1264792 6.2113465 6.2833887 6.4766160 6.9145335 6.8283491 6.8194834 6.6264421 6.5851540 6.8993729 6.8959784 6.7629968 6.5672539 6.6253538 6.6777105 6.8615491 6.9639228 7.0490873 6.9454209 6.7955503 6.6654638 6.4077551 6.7921532 6.8941760 6.3948244 6.4636524 6.5644408 6.5565606 6.5817560 6.4682346 6.3890026 6.3620238 6.3581254 6.1437217 6.0275664 6.4866695 6.3836198 6.3033015 6.3031042 6.3440550 6.7581119 6.8478735 6.7103469 6.3060686 7.0452884 6.9057841 6.4904624 6.4412398 6.9143184 6.8486668 6.8050577 6.1060805 6.1632070 6.3540786 6.4566994 6.4566994 6.1520069 6.2052147 6.2515187 6.5997043 6.4125994 6.5134429 8.9999981 8.9999985 8.9999989 8.9999988 8.9999980 8.9999988 8.9999986 8.9999986 
JQ904211_Human_India_2010_06_XX_Rotavirus_B_Strain_NULL_VP6      0.1129383 0.1134262 0.0860985 0.1263653 0.1219485 0.1316548 0.0862142 0.0817328 0.0476095 0.0476118 0.0434817 0.0517542 0.0557540 0.0394580 0.0436967 0.0354208 0.0312976 0.0000000 0.0193604 0.0154308 0.1973487 0.4682328 7.0980968 6.1209069 6.1923393 6.5094554 6.8872274 6.8364807 6.8276116 6.5621665 6.5456608 6.9543352 6.8201009 6.7919391 6.6100453 6.5744350 6.6502576 6.7842604 6.9192908 6.9846935 6.9424670 6.7284621 6.6192735 6.4543539 6.7410138 6.7946625 6.3909850 6.3863145 6.4859441 6.5347340 6.4668402 6.3546025 6.3523834 6.2274560 6.2819101 6.1635912 6.0477619 6.5833288 6.3311097 6.3235602 6.3233777 6.3642873 6.7241214 6.8737126 6.7067643 6.3398122 7.0159026 6.8853518 6.5330917 6.4837296 6.8979771 6.8542724 6.8137575 6.1531636 6.1526328 6.3194375 6.4215430 6.4215430 6.1554109 6.2084231 6.2859933 6.5501907 6.4222963 6.5226150 8.9999990 8.9999983 8.9999980 8.9999988 8.9999981 8.9999989 8.9999987 8.9999985 
KF689793_Human_India_2011_06_XX_Rotavirus_B_Strain_NULL_VP6      0.1178616 0.1183731 0.0907523 0.1314132 0.1269585 0.1367784 0.0731128 0.0687393 0.0435311 0.0435332 0.0394282 0.0476515 0.0516400 0.0354209 0.0396225 0.0314047 0.0273158 0.0193604 0.0000000 0.0115438 0.1924016 0.4775216 7.0854473 6.1382615 6.2095671 6.5063890 6.8835496 6.7733788 6.7646989 6.5589728 6.5178149 6.9377817 6.8269622 6.7038606 6.5098391 6.5901770 6.6657903 6.7951648 6.8785448 6.9635459 6.9692236 6.7441832 6.6298243 6.4179053 6.7747113 6.8151578 6.4112893 6.4067488 6.5066282 6.5454009 6.5244814 6.4115311 6.3727280 6.2875481 6.3419849 6.1735897 6.0575989 6.6081540 6.3551838 6.3338587 6.3336831 6.3746809 6.7346110 6.8592257 6.6932979 6.3361300 6.9792077 6.8406255 6.4968084 6.4474491 6.8619175 6.8559993 6.7528289 6.1130198 6.0901608 6.2791766 6.3814490 6.3814490 6.1380444 6.1909984 6.2556438 6.5643426 6.4358033 6.5365492 8.9999990 8.9999983 8.9999989 8.9999989 8.9999980 8.9999988 8.9999986 8.9999985 
KP753138_Human_Senegal_2010_12_20_Rotavirus_B_Strain_GXP_X__VP6  0.1131757 0.1136656 0.0862741 0.1266342 0.1222071 0.1319376 0.0774888 0.0730769 0.0394213 0.0394231 0.0353493 0.0435113 0.0474825 0.0313643 0.0355227 0.0273744 0.0233251 0.0154308 0.0115438 0.0000000 0.1978064 0.4553432 7.1031927 6.1129652 6.1841941 6.4813072 6.8582712 6.7948520 6.7861015 6.5335353 6.4923192 6.9125231 6.8016111 6.7629916 6.5876446 6.5709462 6.6468675 6.7767270 6.9077768 6.9927562 6.9505790 6.7250841 6.6116887 6.4465059 6.7562588 6.7966318 6.3931270 6.3884724 6.4880808 6.5741777 6.5061111 6.3927265 6.3545478 6.2694066 6.3238776 6.1555021 6.0395431 6.5892242 6.3369310 6.3155788 6.3153904 6.3563175 6.7632180 6.8891327 6.7218917 6.3642724 7.0085422 6.8696456 6.5253580 6.4759471 6.8906376 6.8849928 6.8146718 6.1112465 6.1108320 6.3002831 6.4026016 6.4026016 6.1362913 6.1892445 6.2849034 6.5610758 6.4327511 6.5333464 8.9999989 8.9999982 8.9999990 8.9999988 8.9999981 8.9999988 8.9999987 8.9999985 
JQ904206_Human_India_2009_09_XX_Rotavirus_B_Strain_NULL_VP6      0.1409359 0.1415501 0.1313237 0.0989689 0.0944301 0.0855749 0.1410254 0.1360853 0.1663466 0.1663564 0.1613194 0.1713997 0.1759041 0.1880577 0.1938200 0.1991588 0.1985201 0.1973487 0.1924016 0.1978064 0.0000000 0.4674993 7.3807514 6.3875161 6.4850112 6.6554371 7.1093262 6.9267291 6.9175033 6.8020355 6.6545859 7.0562581 6.9330879 6.8265769 6.6543007 6.7869705 6.9276880 7.0267047 7.1030017 6.8948894 6.9725950 6.9018277 6.8738215 6.5655552 7.0101700 7.0163590 6.7002422 6.6491640 6.7533123 6.5099838 6.5779625 6.6063503 6.5006133 6.4830915 6.4992800 6.3218898 6.2064326 6.7234943 6.4269040 6.6421462 6.6421741 6.6848822 6.6455566 7.1406016 6.9053947 6.4457321 7.0569027 6.8089413 6.5762078 6.5158125 6.8558753 7.0332126 6.5939922 6.1461704 6.1463568 6.3383775 6.3668888 6.3668888 6.3389752 6.4171325 6.2907459 6.7307941 6.5644014 6.6125586 8.9999982 8.9999986 8.9999985 8.9999983 8.9999990 8.9999982 8.9999985 8.9999986 
AY539858_Human_NULL_NULL_Rotavirus_B_Strain_NULL_VP6             0.3225420 0.3365662 0.3432271 0.3826655 0.3765151 0.3769754 0.4227382 0.4147909 0.4079467 0.4079810 0.4008759 0.4074010 0.4209767 0.4432029 0.4827275 0.4818968 0.4719673 0.4682328 0.4775216 0.4553432 0.4674993 0.0000000 7.1954008 6.0758362 6.1465183 6.4704139 6.7485176 6.4198744 6.4123516 6.3531737 6.5587986 6.5536896 6.6208604 6.7907071 6.5502707 6.2217484 6.3508712 6.4644264 6.6763812 6.7037294 6.7121431 6.4785548 6.2985045 6.1034966 6.6356063 6.5517213 6.4037075 6.2446528 6.3638434 6.2118459 6.3107826 6.4553870 6.1499784 6.0086896 5.7983888 5.9509753 5.8365072 6.3070550 6.0435821 5.9419227 5.9492183 5.9877985 6.3251021 6.6032512 6.4764866 5.9896043 6.9425989 6.6106925 6.2839202 6.1756144 6.5075138 6.6139757 6.5009602 5.9389962 6.0950529 6.1174774 6.0251826 6.0251826 6.2903553 6.3674622 6.3434538 6.6093466 6.4000485 6.5061809 8.9999981 8.9999988 8.9999981 8.9999989 8.9999989 8.9999983 8.9999988 8.9999985 
KF882519_Pig_USA_2009_10_24_Rotavirus_B_Strain_NULL_VP6          7.4319369 7.3181191 7.2749158 7.2711608 7.3546457 7.3621233 7.2041073 7.2224957 7.1591700 7.1591679 7.1352074 7.1303101 7.1562132 7.1099143 7.1296985 7.0807006 7.1264792 7.0980968 7.0854473 7.1031927 7.3807514 7.1954008 0.0000000 4.7800367 4.8321325 5.1757512 5.2336678 4.5597569 4.5382737 4.7978230 4.6938559 4.7768407 4.4498349 4.6110594 4.5707969 5.5926024 5.5132762 5.4051958 5.3403147 5.6077715 5.5436046 5.6603934 5.5885103 5.4699980 5.4298411 5.3440140 4.8763269 5.0110903 4.9039515 5.0666066 5.0565333 5.2370548 5.0559113 5.2682855 5.0292835 4.8855477 4.8850648 5.2957652 5.0581526 5.1167221 5.1101837 5.1118170 5.5963883 5.3669570 5.3399730 5.5900275 4.6860955 5.0676615 4.7248471 4.5898525 4.6253216 4.8890408 5.7335138 5.5663874 5.0383551 5.4743247 5.4710481 5.4641281 5.5301077 5.5777995 6.9269647 7.3534757 7.4268660 7.4870177 8.9999983 8.9999986 8.9999981 8.9999982 8.9999990 8.9999987 8.9999987 8.9999983 
KF882521_Pig_USA_2009_09_16_Rotavirus_B_Strain_NULL_VP6          6.2846022 6.2294614 6.1592040 6.1065424 6.1736552 6.1776975 6.1383259 6.1561827 6.0861675 6.0636821 6.1160323 6.0362648 6.1594377 6.0903502 6.1198059 6.1180492 6.2113465 6.1209069 6.1382615 6.1129652 6.3875161 6.0758362 4.7800367 0.0000000 0.0268356 0.4820065 0.4694017 1.6440250 1.6358689 1.4924349 1.5638591 1.8684874 1.5916134 3.4858395 3.5744869 4.9621579 4.8321514 4.7632686 4.8536804 4.8934019 4.5246677 5.1900539 5.2011599 4.7910290 5.2261795 5.0666031 4.6734069 4.6942033 4.7634927 4.5500789 4.7286148 5.0699806 5.1147487 4.7592622 4.8259492 4.7538484 4.7704612 5.0322436 4.8286147 4.8058408 4.7932512 4.7940027 4.4521843 4.8644326 4.9223701 5.1139066 4.9568164 4.9152072 5.2575947 5.0204567 5.2737729 5.4484163 5.3093157 4.6401307 4.9763202 4.8845568 4.8274867 4.8103962 4.9293480 4.9899453 4.9387303 6.9730075 6.9050850 6.9278783 8.9999988 8.9999987 8.9999986 8.9999988 8.9999988 8.9999987 8.9999982 8.9999989 
KF882522_Pig_USA_2009_09_16_Rotavirus_B_Strain_NULL_VP6          6.3571928 6.3014156 6.2308179 6.1874562 6.2639924 6.2679754 6.2101165 6.2280538 6.1572118 6.1345615 6.1874270 6.1069852 6.2309643 6.1613167 6.1951001 6.1893789 6.2833887 6.1923393 6.2095671 6.1841941 6.4850112 6.1465183 4.8321325 0.0268356 0.0000000 0.4884219 0.4598189 1.6208750 1.6128441 1.4661892 1.5114597 1.8315641 1.6227248 3.5448882 3.5581374 5.0744704 4.9424425 4.8159846 4.8924885 5.0193388 4.6165837 5.2691566 5.2940294 4.8242743 5.2574506 5.1626519 4.7122879 4.7334239 4.8243913 4.6098725 4.8132973 5.1239732 5.1455340 4.9156431 4.8999828 4.8913443 4.8908833 5.1427537 4.9135748 4.8911208 4.8786417 4.8796261 4.5220172 4.8809739 4.9522016 5.2214732 4.9518620 5.0793531 5.3636829 5.1248213 5.3422578 5.5625185 5.4052900 4.7358357 5.0070222 4.9731216 4.9148798 4.8977273 4.9266304 4.9871653 4.9185060 6.9939059 6.9259698 6.9486847 8.9999988 8.9999987 8.9999988 8.9999989 8.9999988 8.9999985 8.9999981 8.9999981 
KF882523_Pig_USA_2009_10_24_Rotavirus_B_Strain_NULL_VP6          6.6979233 6.6402896 6.5317544 6.5053268 6.5748854 6.5786617 6.4707753 6.4885866 6.4205821 6.3978108 6.4514320 6.4160271 6.4259155 6.4124905 6.4884958 6.4868269 6.4766160 6.5094554 6.5063890 6.4813072 6.6554371 6.4704139 5.1757512 0.4820065 0.4884219 0.0000000 0.1998556 1.5506999 1.5567335 1.4650068 1.6190703 1.8454128 1.6168638 3.3422163 3.6057383 4.7446054 4.8837175 4.9151776 4.8131614 5.1852585 4.8577230 5.5119213 5.4709165 5.1206371 5.3176631 5.3679733 5.0820650 5.1289883 5.2216562 4.8155671 4.9060325 5.1799674 5.2649356 5.1981414 5.0288835 5.0425649 5.0602725 5.1342684 4.8883053 5.1631927 5.1509769 5.1527115 4.6410357 5.1146746 5.1843231 5.1728913 4.9872454 4.8935176 4.9002610 4.5756627 5.0170417 5.1169669 5.4267626 4.9695639 4.9209931 4.9848351 4.6912883 4.6739185 4.9098778 4.9707282 4.8620589 7.0520101 7.1023208 7.1245384 8.9999989 8.9999981 8.9999988 8.9999989 8.9999981 8.9999980 8.9999980 8.9999985 
KF882524_Pig_USA_2009_09_09_Rotavirus_B_Strain_NULL_VP6          7.0427953 6.9828771 6.9114134 6.8836697 6.9558633 6.9594262 6.8955162 6.9135622 6.8427996 6.8193771 6.8752618 6.8194867 6.8479580 6.8344461 6.9266737 6.9250779 6.9145335 6.8872274 6.8835496 6.8582712 7.1093262 6.7485176 5.2336678 0.4694017 0.4598189 0.1998556 0.0000000 1.7287662 1.7345768 1.7078641 1.7133705 1.9580759 1.6838814 3.5391409 3.6660228 5.0534638 5.2130858 5.1524170 5.1339390 5.5557143 5.1404667 5.6066787 5.6623856 5.2526896 5.6249078 5.6792158 5.3309045 5.3142935 5.3671514 5.0700842 5.2445689 5.6611910 5.4596695 5.4890352 5.3386781 5.3047983 5.3236359 5.4103057 5.0546420 5.3561915 5.3440167 5.3463112 4.9321340 5.3827151 5.4456050 5.5189030 5.1573893 5.0787463 5.2992256 4.9701511 5.4640175 5.5810236 5.6491805 5.1658789 5.2476223 5.1817389 4.9242295 4.9066726 5.1047939 5.1686477 5.0804032 7.2842972 7.3933497 7.4142982 8.9999981 8.9999981 8.9999989 8.9999983 8.9999990 8.9999986 8.9999983 8.9999986 
KF882526_Pig_USA_2009_10_24_Rotavirus_B_Strain_NULL_VP6          6.8749105 6.9954586 6.8870300 6.8507852 6.9220780 6.9256265 6.8467449 6.8647434 6.8179510 6.7946306 6.7904691 6.8362232 6.8231046 6.7443911 6.7156909 6.7140627 6.8283491 6.8364807 6.7733788 6.7948520 6.9267291 6.4198744 4.5597569 1.6440250 1.6208750 1.5506999 1.7287662 0.0000000 0.0000010 0.8411221 1.0160485 1.2009711 1.1885277 3.4980116 3.7716443 5.1850951 5.2177225 5.2124756 4.5464768 4.8039247 4.4084581 4.9464908 5.0153346 4.8709307 5.4231060 5.4052611 5.0492995 4.8802266 4.9480168 4.8138905 4.9654595 5.3427197 4.9824172 5.3474049 4.9314756 5.0114813 5.0290971 5.2701535 5.0442244 5.1879421 5.1967625 5.1986211 4.5565372 5.2065050 5.0197324 5.1786240 5.0414656 4.8487502 5.2706465 5.0363066 5.2906262 5.5051325 5.0258541 4.7658925 4.7961467 5.0019595 4.7040497 4.6864239 4.6562540 4.7149025 5.1125363 7.0846262 6.8298964 6.9688168 8.9999987 8.9999989 8.9999982 8.9999981 8.9999989 8.9999986 8.9999983 8.9999981 
KF882527_Pig_USA_2009_10_24_Rotavirus_B_Strain_NULL_VP6          6.8659365 6.9861008 6.8780082 6.8418757 6.9129217 6.9164659 6.8377783 6.8557238 6.8091102 6.7858655 6.7817121 6.8273291 6.8142534 6.7357971 6.7071843 6.7055589 6.8194834 6.8276116 6.7646989 6.7861015 6.9175033 6.4123516 4.5382737 1.6358689 1.6128441 1.5567335 1.7345768 0.0000010 0.0000000 0.8471618 1.0111293 1.1951616 1.1827639 3.4807917 3.7536306 5.1813584 5.2139321 5.1879181 4.5449094 4.8015723 4.3873262 4.9221103 4.9914723 4.8477809 5.3976010 5.3798070 5.0258667 4.8572304 4.9244376 4.7911886 4.9422628 5.3181290 4.9588602 5.3225329 4.9080951 4.9877056 5.0051902 5.2448903 5.0411446 5.1635378 5.1722844 5.1740715 4.5352184 5.1811732 4.9961349 5.1540911 5.0173134 4.8256283 5.2456377 5.0122698 5.2656843 5.4790900 5.0013359 4.7636514 4.7938088 4.9781567 4.7019937 4.6844211 4.6339436 4.6922080 5.0875791 7.0509875 6.7972267 6.9356419 8.9999987 8.9999989 8.9999982 8.9999981 8.9999989 8.9999986 8.9999982 8.9999981 
KF882531_Pig_USA_2009_09_17_Rotavirus_B_Strain_NULL_VP6          6.6176528 6.7314911 6.6835380 6.7464393 6.8177767 6.8214202 6.7086749 6.7267461 6.6500205 6.6500190 6.6224417 6.6451907 6.6552953 6.5766511 6.5135202 6.5118305 6.6264421 6.5621665 6.5589728 6.5335353 6.8020355 6.3531737 4.7978230 1.4924349 1.4661892 1.4650068 1.7078641 0.8411221 0.8471618 0.0000000 0.6864494 1.0263617 0.7875982 3.7750568 3.7954120 4.9509298 5.0248473 5.0950535 4.4824444 4.8942938 4.3107844 4.9727882 4.7886445 4.5368681 5.0596278 4.9959503 4.6028662 4.5200212 4.6037168 4.7216326 4.6827454 4.7719121 4.7166631 5.0212666 4.7565144 5.0442872 5.0621644 5.0782102 4.6484463 5.0272704 5.0148120 5.0161836 4.4186706 5.0615899 5.0036118 5.0957123 5.0497180 4.7500122 5.1030938 4.9015480 5.1737266 5.0893976 5.0548124 4.8086685 4.8106194 4.7802972 4.6147696 4.5970521 4.5837698 4.6411435 5.1320548 6.7667613 6.8073819 6.7577602 8.9999983 8.9999984 8.9999980 8.9999981 8.9999984 8.9999985 8.9999985 8.9999982 
KF882532_Pig_USA_2009_09_22_Rotavirus_B_Strain_NULL_VP6          6.5029238 6.6231864 6.5606908 6.5294725 6.5996388 6.5912717 6.6248824 6.5965391 6.5455251 6.5222983 6.5179735 6.5407875 6.5508625 6.4902193 6.5317247 6.5300338 6.5851540 6.5456608 6.5178149 6.4923192 6.6545859 6.5587986 4.6938559 1.5638591 1.5114597 1.6190703 1.7133705 1.0160485 1.0111293 0.6864494 0.0000000 0.8443265 0.9620561 3.4131194 3.7254063 5.3729850 5.4884550 5.3473718 4.6424204 5.1573751 4.5362475 5.2398095 5.0367477 4.8887432 5.2129107 5.2813990 4.8906017 4.9020750 4.9657847 5.1285940 4.9430961 5.1779518 4.8766128 5.0439811 5.1886559 5.2314392 5.2498956 5.2820301 5.0668273 5.2171943 5.2050029 5.2068909 4.4685650 5.1016462 5.1549567 5.0408196 5.1419009 4.8502042 5.2414783 5.1050239 5.2401363 5.3833478 5.1431831 5.3691301 5.1944732 5.3654218 5.1684101 5.1509987 4.9307123 4.9925153 5.4496654 7.0573410 7.1319285 7.2445704 8.9999985 8.9999987 8.9999981 8.9999990 8.9999981 8.9999986 8.9999984 8.9999990 
KF882529_Pig_USA_2009_09_01_Rotavirus_B_Strain_NULL_VP6          6.8937333 6.9779420 6.8694337 7.0109131 7.0832710 7.0810967 6.9565386 6.9745593 6.9425548 6.9425559 6.9442213 6.9609880 6.9243671 6.9090719 6.8931222 6.8915216 6.8993729 6.9543352 6.9377817 6.9125231 7.0562581 6.5536896 4.7768407 1.8684874 1.8315641 1.8454128 1.9580759 1.2009711 1.1951616 1.0263617 0.8443265 0.0000000 0.8187902 3.5321876 3.5914138 5.3099138 5.3203096 5.2563435 4.5816630 4.9611010 4.6246066 5.0028319 5.0408201 4.6881466 5.4014593 5.3905505 4.7448040 4.7399839 4.7997855 5.0607029 4.8446259 5.0570653 4.9083287 4.8758136 4.8880409 4.9968898 5.0144395 4.6178276 4.7508284 4.8010024 4.7881468 4.7888996 4.7207683 5.1823678 5.1929596 4.9129098 5.1209467 4.8521468 5.3251459 5.0497565 5.3209571 5.4924231 5.2242780 5.1824914 5.1381158 5.2856183 5.0730326 5.0555930 4.7887719 4.8280707 5.1818040 7.1768272 7.1406786 7.1866729 8.9999986 8.9999988 8.9999987 8.9999985 8.9999985 8.9999986 8.9999988 8.9999982 
KF882530_Pig_USA_2009_09_21_Rotavirus_B_Strain_NULL_VP6          6.8162455 6.8712073 6.8234064 6.8830056 6.9548660 6.9584137 6.8836020 6.9017065 6.7850080 6.7850058 6.7808148 6.8034862 6.7668104 6.7868344 6.7819931 6.7803640 6.8959784 6.8201009 6.8269622 6.8016111 6.9330879 6.6208604 4.4498349 1.5916134 1.6227248 1.6168638 1.6838814 1.1885277 1.1827639 0.7875982 0.9620561 0.8187902 0.0000000 3.5659081 3.7776598 5.1320552 5.0454418 5.1435867 4.5159299 4.9610412 4.4345226 5.1627250 4.9631330 4.7498873 5.3581024 5.2119248 4.5518008 4.5345023 4.5740275 4.8311400 4.7297606 4.7805813 5.1554970 5.1253207 5.0569139 5.3166382 5.3354846 5.0877772 4.7962900 5.2982169 5.3169465 5.3191518 4.6130179 5.1804096 5.2796379 5.0515045 4.8950079 4.7897206 5.1833270 4.9820186 5.2861216 5.3964061 5.0461203 5.1128534 4.9827317 4.9034076 4.7705982 4.7965477 4.9369923 4.9966427 5.3403075 6.7493603 6.7220623 6.6127508 8.9999988 8.9999988 8.9999989 8.9999988 8.9999989 8.9999986 8.9999984 8.9999982 
KF882580_Pig_Japan_2007_08_XX_Rotavirus_B_Strain_NULL_VP6        6.8166618 6.8383528 6.7726922 6.7931969 6.8650068 6.9002345 6.7031804 6.7212477 6.7134738 6.7134702 6.7325080 6.7086022 6.7334691 6.7424427 6.7199868 6.7183458 6.7629968 6.7919391 6.7038606 6.7629916 6.8265769 6.7907071 4.6110594 3.4858395 3.5448882 3.3422163 3.5391409 3.4980116 3.4807917 3.7750568 3.4131194 3.5321876 3.5659081 0.0000000 1.0973393 4.4644026 4.5387094 4.6035236 4.4861957 4.7720104 4.5432218 4.7288327 4.6958315 4.4131256 5.1255821 4.8685011 4.8073468 4.9223297 4.9722566 4.7765698 4.6461300 5.0697705 5.2804812 5.0923472 4.7755954 5.0195450 5.0370734 4.9871884 4.8210312 4.9756149 4.9898401 4.9911287 4.5930288 4.7474051 4.9597743 5.2631407 5.0538310 4.8603461 4.8866150 4.7517534 5.0098451 5.2583105 5.1577551 5.0164820 4.7705901 4.7292513 4.6202120 4.6467125 4.8973250 4.9596018 5.6881049 7.4399965 7.4578125 7.5702280 8.9999981 8.9999987 8.9999984 8.9999982 8.9999983 8.9999983 8.9999982 8.9999985 
KF882593_Pig_Japan_2002_05_XX_Rotavirus_B_Strain_NULL_VP6        6.5956816 6.6438673 6.5484708 6.5776367 6.6567492 6.7037866 6.4664344 6.4844371 6.5098228 6.5329422 6.5416193 6.5282351 6.5293522 6.5604908 6.5284851 6.5231306 6.5672539 6.6100453 6.5098391 6.5876446 6.6543007 6.5502707 4.5707969 3.5744869 3.5581374 3.6057383 3.6660228 3.7716443 3.7536306 3.7954120 3.7254063 3.5914138 3.7776598 1.0973393 0.0000000 4.1628792 4.2262625 4.3397082 4.2864844 4.5703862 4.0418958 4.6758821 4.3384377 4.3158128 4.8015385 4.7407262 4.7953769 4.7912196 4.8283741 4.7273695 4.6599136 4.6713874 4.8956329 5.0728647 4.6570216 4.7378416 4.7368512 4.6976730 4.7265386 4.6345994 4.6548267 4.6853142 4.0324585 4.6009826 4.4593441 4.8124603 4.8416533 4.6946942 4.6279941 4.5263306 4.7498834 4.8554196 4.6136095 4.8072921 4.4403912 4.6743905 4.6276984 4.6106633 4.3466518 4.4018926 5.6443391 6.9176072 6.9516323 6.9874898 8.9999986 8.9999985 8.9999987 8.9999986 8.9999987 8.9999988 8.9999989 8.9999989 
KF882536_Pig_USA_2009_09_17_Rotavirus_B_Strain_NULL_VP6          6.3560918 6.4721604 6.4683366 6.4594024 6.5422877 6.5777839 6.7091215 6.7281532 6.6339053 6.6732802 6.6049024 6.6042352 6.5903149 6.5359320 6.5665860 6.5543517 6.6253538 6.5744350 6.5901770 6.5709462 6.7869705 6.2217484 5.5926024 4.9621579 5.0744704 4.7446054 5.0534638 5.1850951 5.1813584 4.9509298 5.3729850 5.3099138 5.1320552 4.4644026 4.1628792 0.0000000 0.1593862 0.3972346 1.4158825 1.5279721 1.3305904 1.6224041 1.6443087 1.6733654 1.8336917 1.8381747 2.2089597 2.2342689 2.2559633 2.2588800 2.2501599 2.3205653 2.2060220 2.2196568 2.0126870 2.1622868 2.1526339 2.1800360 1.9123118 1.9897784 2.0059422 2.0058613 1.7973608 1.9646221 2.0943204 2.5262092 2.3117006 2.1877356 2.4609636 2.4167795 2.0592816 2.3464842 3.1707549 3.3475577 3.1240305 3.3831445 3.2423788 3.2249110 4.8590941 4.9011217 4.6707461 6.2694006 6.3804181 6.3413665 8.9999987 8.9999989 8.9999988 8.9999984 8.9999980 8.9999981 8.9999987 8.9999988 
KF882537_Pig_USA_2009_09_17_Rotavirus_B_Strain_NULL_VP6          6.4990029 6.5534815 6.5492006 6.5405059 6.6224701 6.6577583 6.7664016 6.7851915 6.6677047 6.6677021 6.6390701 6.6143295 6.5629031 6.5708662 6.6196253 6.6076622 6.6777105 6.6502576 6.6657903 6.6468675 6.9276880 6.3508712 5.5132762 4.8321514 4.9424425 4.8837175 5.2130858 5.2177225 5.2139321 5.0248473 5.4884550 5.3203096 5.0454418 4.5387094 4.2262625 0.1593862 0.0000000 0.3912895 1.5421983 1.6319118 1.5274312 1.7773859 1.7058262 1.6876054 1.9819823 2.1516455 2.3923891 2.3803692 2.4049741 2.4134523 2.4440464 2.4427450 2.3243038 2.2929393 2.2107956 2.4308938 2.4220289 2.2247216 2.1760636 2.2197257 2.2361508 2.2136396 1.9084351 1.9647808 1.9967919 2.7187328 2.3294400 2.2194772 2.3657689 2.3215265 1.9943028 2.2527440 3.2234496 3.4993451 3.0580186 3.3784465 3.2922829 3.2751687 5.0765650 5.1202667 4.7670069 6.4190951 6.4676165 6.3673686 8.9999981 8.9999986 8.9999981 8.9999988 8.9999983 8.9999984 8.9999989 8.9999989 
KF882539_Pig_USA_2009_09_24_Rotavirus_B_Strain_NULL_VP6          6.7786321 6.7750340 6.7703737 6.8232962 6.9044088 6.9399843 6.8860139 6.9042735 6.8287889 6.8287864 6.8008257 6.7765597 6.7866461 6.7785372 6.8226279 6.8112589 6.8615491 6.7842604 6.7951648 6.7767270 7.0267047 6.4644264 5.4051958 4.7632686 4.8159846 4.9151776 5.1524170 5.2124756 5.1879181 5.0950535 5.3473718 5.2563435 5.1435867 4.6035236 4.3397082 0.3972346 0.3912895 0.0000000 1.4799213 1.5233934 1.4573653 1.6598900 1.5474993 1.5481498 1.7935311 1.8635813 2.1335707 2.2042418 2.1950291 2.1269677 2.1344690 2.3027843 2.1246906 2.3276426 1.8684808 1.9636734 1.9537995 2.0279396 1.7979158 1.8670356 1.8821529 1.8815640 1.9099106 1.6734060 1.8787261 2.7116165 2.2691128 2.1921436 2.5259949 2.4716501 2.0396395 2.2528582 3.2384460 3.3823397 3.1945359 3.3590021 3.3246894 3.3077509 5.1230117 5.1866906 5.1901953 6.3356705 6.3394223 6.3165417 8.9999980 8.9999984 8.9999988 8.9999987 8.9999990 8.9999982 8.9999987 8.9999982 
KF882587_Pig_Japan_2001_04_XX_Rotavirus_B_Strain_NULL_VP6        6.9929548 6.9906557 6.9609317 7.0199853 7.0938249 7.0895775 7.0123347 6.9832790 6.8990061 6.8990036 6.8708275 6.9177184 6.9042420 6.8303386 6.9159199 6.9079664 6.9639228 6.9192908 6.8785448 6.9077768 7.1030017 6.6763812 5.3403147 4.8536804 4.8924885 4.8131614 5.1339390 4.5464768 4.5449094 4.4824444 4.6424204 4.5816630 4.5159299 4.4861957 4.2864844 1.4158825 1.5421983 1.4799213 0.0000000 0.9848902 0.9829030 1.6373197 1.4211654 1.6141085 2.0443037 1.9351510 2.0719306 2.0488868 2.0544016 2.0603113 1.9159475 2.2847720 2.1148823 2.1904206 2.0244811 1.9318430 1.9379125 2.0824908 1.9386580 2.0026392 2.0575064 2.0353725 1.8592513 1.9984017 1.9419020 2.2597836 2.0139024 1.9404126 2.5844033 2.5678954 2.6325358 2.7631904 3.0791438 2.9603484 2.8869230 3.1034150 3.1022714 3.0851885 4.6947562 4.7544765 5.2988757 6.5643405 6.4729951 6.5120482 8.9999987 8.9999982 8.9999989 8.9999984 8.9999983 8.9999984 8.9999982 8.9999983 
KF882588_Pig_Japan_2002_09_XX_Rotavirus_B_Strain_NULL_VP6        6.9498082 6.9699401 7.0022462 6.9004776 6.9733167 6.9817007 6.9802172 6.9514351 6.9808867 7.0196678 6.9654989 6.9521359 6.9941755 6.9565756 6.9580935 6.9502034 7.0490873 6.9846935 6.9635459 6.9927562 6.8948894 6.7037294 5.6077715 4.8934019 5.0193388 5.1852585 5.5557143 4.8039247 4.8015723 4.8942938 5.1573751 4.9611010 4.9610412 4.7720104 4.5703862 1.5279721 1.6319118 1.5233934 0.9848902 0.0000000 0.9743243 1.5710295 1.5260953 1.4756909 2.2326890 2.2220414 2.3299576 2.3035971 2.3022677 2.3956362 2.2496132 2.5213020 2.4628661 2.2085120 2.2467691 2.1602143 2.1669808 2.3603197 2.0111840 2.2234884 2.2394015 2.2173443 1.7942905 1.9452967 2.0641520 2.5981359 2.3447989 2.3172996 2.7790633 2.7640529 2.5537739 3.0902016 3.0443955 3.4152499 3.1021930 3.2007861 3.2350877 3.2185138 5.1410841 5.2045821 5.4091293 6.5283485 6.3330180 6.3383446 8.9999981 8.9999983 8.9999981 8.9999988 8.9999989 8.9999989 8.9999986 8.9999990 
