23
AB738403_Cow_Japan_NULL_Rotavirus_C_Strain_NULL_NSP2              0.0000000 0.0570144 0.0692323 0.0816088 0.0909076 0.1453386 0.1613947 1.3685936 1.3116152 1.2454376 1.2564515 1.2897288 1.3189951 1.2555394 1.2509128 1.3012595 1.3097989 1.2720884 1.2733058 1.2563463 1.2469525 1.2577698 1.2645460 
AB738408_Cow_Japan_NULL_Rotavirus_C_Strain_NULL_NSP2              0.0570144 0.0000000 0.1147146 0.1108045 0.1201060 0.1768680 0.2032300 1.4026723 1.3022898 1.2881047 1.2992178 1.3327577 1.3624132 1.2692425 1.2645652 1.3149724 1.3235082 1.2899610 1.2911425 1.2741187 1.2647004 1.2716600 1.2784172 
AB874649_Cow_Japan_2004_01_05_Rotavirus_C_Strain_NULL_NSP2        0.0692323 0.1147146 0.0000000 0.0978049 0.1161271 0.1629780 0.1501513 1.3824790 1.3259137 1.2600984 1.2710310 1.3040539 1.3331504 1.2553233 1.2507557 1.3004742 1.3089093 1.2756763 1.2768731 1.2600908 1.2507976 1.2575176 1.2642079 
AB874648_Cow_Japan_2003_12_17_Rotavirus_C_Strain_NULL_NSP2        0.0816088 0.1108045 0.0978049 0.0000000 0.1203373 0.1675233 0.1937793 1.4310400 1.3317577 1.2919745 1.3256251 1.3593305 1.3892381 1.3252718 1.3203983 1.3709489 1.3794590 1.3463592 1.3474081 1.3303171 1.3209014 1.3284484 1.3351159 
AB874651_Cow_Japan_2004_06_02_Rotavirus_C_Strain_NULL_NSP2        0.0909076 0.1201060 0.1161271 0.1203373 0.0000000 0.0692966 0.1859612 1.4100577 1.3527444 1.2858177 1.2969005 1.3135105 1.3310570 1.2626689 1.2482091 1.3082995 1.3168203 1.2901320 1.2974515 1.2743636 1.2488614 1.2697581 1.2765018 
AB874653_Cow_Japan_2010_11_04_Rotavirus_C_Strain_NULL_NSP2        0.1453386 0.1768680 0.1629780 0.1675233 0.0692966 0.0000000 0.2284965 1.4845157 1.3998534 1.3311070 1.3424335 1.3592403 1.3772601 1.3315729 1.3265749 1.3777229 1.3863159 1.3331438 1.3403449 1.3170420 1.2909982 1.3391918 1.3459222 
AB874652_Cow_Japan_2008_04_08_Rotavirus_C_Strain_NULL_NSP2        0.1613947 0.2032300 0.1501513 0.1937793 0.1859612 0.2284965 0.0000000 1.3652455 1.2938102 1.2273165 1.2381465 1.2543094 1.2985805 1.2898063 1.2851613 1.3345048 1.3428413 1.3101978 1.2893689 1.2946374 1.2694603 1.2757772 1.2823462 
AY770979_Human_India_NULL_Rotavirus_C_Strain_NULL_NSP2            1.3685936 1.4026723 1.3824790 1.4310400 1.4100577 1.4845157 1.3652455 0.0000000 0.0832199 0.0833238 0.0964712 0.1050433 0.1243604 0.2514690 0.2731881 0.2754316 0.2808076 0.2693799 0.2746501 0.2754543 0.2990849 0.2267806 0.2207960 
AY781283_Human_India_NULL_Rotavirus_C_Strain_NULL_NSP2            1.3116152 1.3022898 1.3259137 1.3317577 1.3527444 1.3998534 1.2938102 0.0832199 0.0000000 0.0381293 0.0664499 0.0746441 0.0926731 0.2024160 0.2228152 0.2138178 0.2188235 0.2189575 0.2240034 0.2245720 0.2465126 0.1689620 0.1635984 
AY781284_Human_India_NULL_Rotavirus_C_Strain_NULL_NSP2            1.2454376 1.2881047 1.2600984 1.2919745 1.2858177 1.3311070 1.2273165 0.0833238 0.0381293 0.0000000 0.0344127 0.0422666 0.0590763 0.1628957 0.1822854 0.1835887 0.1884225 0.1784027 0.1832570 0.1836676 0.2043305 0.1404577 0.1353715 
HQ185639_Human_Bangladesh_2005_XX_XX_Rotavirus_C_Strain_NULL_NSP2 1.2564515 1.2992178 1.2710310 1.3256251 1.2969005 1.3424335 1.2381465 0.0964712 0.0664499 0.0344127 0.0000000 0.0150229 0.0229623 0.1879717 0.2080652 0.2096181 0.2146175 0.1836083 0.1986733 0.2096877 0.2203373 0.1647645 0.1594241 
KT206200_Human_Italy_2012_XX_XX_Rotavirus_C_Strain_G4P_2__NSP2    1.2897288 1.3327577 1.3040539 1.3593305 1.3135105 1.3592403 1.2543094 0.1050433 0.0746441 0.0422666 0.0150229 0.0000000 0.0386653 0.1978220 0.2181311 0.2197810 0.2248293 0.1934329 0.2086786 0.2198454 0.2197110 0.1743846 0.1689552 
HQ896717_Human_South                                              1.3189951 1.3624132 1.3331504 1.3892381 1.3310570 1.3772601 1.2985805 0.1243604 0.0926731 0.0590763 0.0229623 0.0386653 0.0000000 0.2214888 0.2426299 0.2445535 0.2497991 0.2169709 0.2328115 0.2446026 0.2558946 0.1971924 0.1914671 
HQ185648_Human_China_2001_XX_XX_Rotavirus_C_Strain_NULL_NSP2      1.2555394 1.2692425 1.2553233 1.3252718 1.2626689 1.3315729 1.2898063 0.2514690 0.2024160 0.1628957 0.1879717 0.1978220 0.2214888 0.0000000 0.0149766 0.0227366 0.0265841 0.0266104 0.0305707 0.0266904 0.0384120 0.1400187 0.1347830 
KT206189_Human_Italy_2004_XX_XX_Rotavirus_C_Strain_G4P_2__NSP2    1.2509128 1.2645652 1.2507557 1.3203983 1.2482091 1.3265749 1.2851613 0.2731881 0.2228152 0.1822854 0.2080652 0.2181311 0.2426299 0.0149766 0.0000000 0.0383305 0.0422561 0.0422971 0.0463824 0.0424246 0.0544001 0.1589936 0.1535512 
HQ185680_Human_Japan_2008_XX_XX_Rotavirus_C_Strain_NULL_NSP2      1.3012595 1.3149724 1.3004742 1.3709489 1.3082995 1.3777229 1.3345048 0.2754316 0.2138178 0.1835887 0.2096181 0.2197810 0.2445535 0.0227366 0.0383305 0.0000000 0.0037229 0.0506168 0.0548043 0.0467173 0.0629678 0.1600996 0.1546060 
KP342042_Human_China_2011_XX_XX_Rotavirus_C_Strain_NULL_NSP2      1.3097989 1.3235082 1.3089093 1.3794590 1.3168203 1.3863159 1.3428413 0.2808076 0.2188235 0.1884225 0.2146175 0.2248293 0.2497991 0.0265841 0.0422561 0.0037229 0.0000000 0.0546324 0.0588500 0.0507235 0.0670546 0.1648429 0.1592996 
HQ185659_Human_China_2007_XX_XX_Rotavirus_C_Strain_NULL_NSP2      1.2720884 1.2899610 1.2756763 1.3463592 1.2901320 1.3331438 1.3101978 0.2693799 0.2189575 0.1784027 0.1836083 0.1934329 0.2169709 0.0266104 0.0422971 0.0506168 0.0546324 0.0000000 0.0188605 0.0227347 0.0265383 0.1550697 0.1496418 
KP776579_Human_Hungary_2013_XX_XX_Rotavirus_C_Strain_G4P_2__NSP2  1.2733058 1.2911425 1.2768731 1.3474081 1.2974515 1.3403449 1.2893689 0.2746501 0.2240034 0.1832570 0.1986733 0.2086786 0.2328115 0.0305707 0.0463824 0.0548043 0.0588500 0.0188605 0.0000000 0.0266438 0.0305008 0.1702643 0.1646527 
KP342031_Human_China_2011_XX_XX_Rotavirus_C_Strain_NULL_NSP2      1.2563463 1.2741187 1.2600908 1.3303171 1.2743636 1.3170420 1.2946374 0.2754543 0.2245720 0.1836676 0.2096877 0.2198454 0.2446026 0.0266904 0.0424246 0.0467173 0.0507235 0.0227347 0.0266438 0.0000000 0.0265613 0.1601833 0.1546898 
KP844856_Human_South                                              1.2469525 1.2647004 1.2507976 1.3209014 1.2488614 1.2909982 1.2694603 0.2990849 0.2465126 0.2043305 0.2203373 0.2197110 0.2558946 0.0384120 0.0544001 0.0629678 0.0670546 0.0265383 0.0305008 0.0265613 0.0000000 0.1803254 0.1745868 
JN969077_Human_Russia_2008_05_XX_Rotavirus_C_Strain_NULL_NSP2     1.2577698 1.2716600 1.2575176 1.3284484 1.2697581 1.3391918 1.2757772 0.2267806 0.1689620 0.1404577 0.1647645 0.1743846 0.1971924 0.1400187 0.1589936 0.1600996 0.1648429 0.1550697 0.1702643 0.1601833 0.1803254 0.0000000 0.0037823 
KC594046_Human_Russia_2008_05_XX_Rotavirus_C_Strain_NULL_NSP2     1.2645460 1.2784172 1.2642079 1.3351159 1.2765018 1.3459222 1.2823462 0.2207960 0.1635984 0.1353715 0.1594241 0.1689552 0.1914671 0.1347830 0.1535512 0.1546060 0.1592996 0.1496418 0.1646527 0.1546898 0.1745868 0.0037823 0.0000000 
