46
AB673215_Pig_Japan_2002_08_XX_Rotavirus_B_Strain_NULL_NSP2        0.0000000 0.2391254 0.9007924 0.9615354 1.1278480 0.9739037 1.0127194 0.9616760 1.0263390 1.1148928 1.1462192 1.1030534 0.8985591 0.9808612 1.1318401 0.9072451 1.1278344 0.9798485 0.9921376 1.0006876 2.1239040 2.1056240 2.0822813 2.1145312 2.1078224 2.0639616 2.0795982 2.0831101 2.0417781 2.0810901 2.0762586 2.1144323 2.1849746 2.1504852 2.0790279 2.0938952 2.0505235 2.1691549 2.2086651 2.1922189 3.1570718 3.3807267 3.0866469 2.6588937 2.6679602 3.2260536 
AB673217_Pig_Japan_2003_05_XX_Rotavirus_B_Strain_NULL_NSP2        0.2391254 0.0000000 0.9838495 1.0276445 1.2037867 1.0085166 0.9978863 1.0417292 1.1113702 1.1295800 1.1117965 1.1615966 0.9913871 1.0105309 1.1382810 0.9109049 1.0093660 0.9654096 1.0014970 0.9903609 2.0906082 2.0676405 2.0453137 2.0413675 2.0701032 2.0186394 2.0336561 2.0286612 2.0343504 2.0706920 2.0396241 2.0890793 2.0713524 2.1117826 2.0420423 2.0969475 2.1029035 2.0854458 2.0830307 2.0677759 3.2090375 3.4319267 3.2226073 2.7290624 2.9575738 3.0593495 
AB673216_Pig_Japan_2002_09_XX_Rotavirus_B_Strain_NULL_NSP2        0.9007924 0.9838495 0.0000000 0.8864566 0.8457060 0.8373070 0.8189855 0.8428885 0.7755497 0.8622334 0.8662317 0.8077962 0.7527494 0.8272520 0.9169485 0.7450783 0.9049091 0.8363426 0.9105561 0.9000627 1.9885352 1.9533962 1.9705813 2.0136895 2.0092421 2.0077528 1.9856144 2.0077530 2.0465368 2.0310489 1.9785362 1.9603358 2.0959932 2.0622838 1.9664218 1.9841030 2.0049201 2.0461185 2.0342305 2.0189976 3.2044281 3.4381836 3.0148770 3.0794510 3.3949055 3.5453249 
AB673218_Pig_Japan_2007_08_XX_Rotavirus_B_Strain_NULL_NSP2        0.9615354 1.0276445 0.8864566 0.0000000 0.5391825 0.3837642 0.4284543 0.4725666 0.4296798 0.4803202 0.4762955 0.4177160 0.4958739 0.4082396 0.5831562 0.3980503 0.4828592 0.4536756 0.5486042 0.5542198 2.0572612 1.9920209 2.0625306 2.1611573 2.1323229 2.1403184 2.1842658 2.1676599 2.1675938 2.1804512 2.1003889 2.0328646 2.2104636 2.1754718 2.0088904 1.9959886 2.0847134 1.9914740 1.9918788 1.9772176 3.0664519 3.2016081 2.8830631 2.6862168 3.2482870 3.6761708 
AB673221_Pig_Japan_2007_08_XX_Rotavirus_B_Strain_NULL_NSP2        1.1278480 1.2037867 0.8457060 0.5391825 0.0000000 0.3800832 0.3890746 0.5024284 0.4372047 0.4748908 0.4655130 0.3690712 0.4688485 0.3620771 0.4582324 0.4855832 0.5347122 0.4819471 0.6339921 0.6402202 2.3003799 2.2281007 2.2661815 2.3451831 2.2921748 2.3334717 2.3511303 2.3363010 2.3333891 2.2907872 2.2994801 2.2450167 2.4206195 2.3831938 2.2473769 2.2327641 2.2938320 2.0968089 2.0184714 2.0393491 3.4798652 3.8963107 3.0546040 3.1492594 3.2214365 3.3342873 
KJ613654_Pig_India_2009_03_16_Rotavirus_B_Strain_GXP_X__NSP2      0.9739037 1.0085166 0.8373070 0.3837642 0.3800832 0.0000000 0.0307372 0.3636195 0.3716410 0.3610101 0.3634158 0.3348820 0.3312580 0.3299502 0.4325604 0.4455829 0.4365615 0.3898179 0.5263168 0.5318109 2.1348512 2.1045580 2.1401737 2.2797533 2.1685888 2.1699052 2.1862015 2.1726512 2.1698404 2.1706646 2.1766666 2.1280272 2.2655562 2.2649818 2.0855405 2.0722212 2.1279084 2.0908645 2.1506851 2.1733247 3.3471455 3.5661772 3.5326387 3.0815584 3.4916007 3.6994556 
KJ613655_Pig_India_2009_03_16_Rotavirus_B_Strain_NULL_NSP2        1.0127194 0.9978863 0.8189855 0.4284543 0.3890746 0.0307372 0.0000000 0.3988838 0.3884673 0.4022380 0.4046195 0.3459043 0.3469862 0.3418126 0.4127685 0.5104295 0.5006978 0.4359488 0.5270447 0.5325342 2.2778532 2.2073350 2.2445004 2.3901629 2.3572288 2.3157027 2.3329928 2.3184878 2.3156231 2.3165296 2.3226473 2.2710274 2.4163338 2.4157527 2.2261053 2.2118641 2.2710547 2.2226429 2.2702607 2.2940968 3.1780854 3.3822710 3.1691254 2.9581190 3.3580263 3.7378642 
AB673222_Pig_Japan_2007_08_XX_Rotavirus_B_Strain_NULL_NSP2        0.9616760 1.0417292 0.8428885 0.4725666 0.5024284 0.3636195 0.3988838 0.0000000 0.1821431 0.3955219 0.4061945 0.3424626 0.3761187 0.3804677 0.4109424 0.4172008 0.4161620 0.4233958 0.5886229 0.5947670 1.9894848 1.9108269 1.9783239 1.9950135 1.9671145 2.0251887 2.0405223 2.0040292 1.9643955 2.0375815 1.9730111 1.9825958 2.0870103 2.0542813 1.9268300 1.9599514 2.0427894 2.2525288 2.2527921 2.2360287 3.4440125 3.5843852 3.5205302 2.9206909 3.0995663 3.5452746 
AB673232_Pig_Japan_2009_04_XX_Rotavirus_B_Strain_NULL_NSP2        1.0263390 1.1113702 0.7755497 0.4296798 0.4372047 0.3716410 0.3884673 0.1821431 0.0000000 0.3939135 0.3907836 0.3447633 0.3084062 0.3130855 0.3693842 0.4312335 0.3881101 0.4164183 0.5312435 0.5367931 2.2661608 2.1943988 2.2321963 2.2947560 2.2634797 2.3333716 2.3513049 2.3074693 2.2611350 2.3054613 2.2707351 2.2591788 2.4024547 2.3642213 2.2134542 2.1989877 2.2203858 2.2761471 2.3236703 2.3064323 3.4070218 3.6066324 3.6084262 3.0433236 3.5432287 3.9357926 
AB673223_Pig_Japan_2008_10_XX_Rotavirus_B_Strain_NULL_NSP2        1.1148928 1.1295800 0.8622334 0.4803202 0.4748908 0.3610101 0.4022380 0.3955219 0.3939135 0.0000000 0.0057535 0.1367115 0.3037968 0.3037739 0.3624668 0.4579635 0.4451355 0.4125763 0.5018680 0.5073189 2.4172294 2.3075742 2.2740255 2.2398745 2.3017275 2.3299607 2.3480340 2.3038587 2.2571147 2.3018302 2.2668064 2.3888810 2.3890104 2.3507463 2.3281720 2.3226722 2.3803297 2.2905235 2.3051227 2.2879974 3.6653773 3.9181522 3.4638826 3.0833288 3.0178185 3.8094173 
AB673225_Pig_Japan_2009_03_XX_Rotavirus_B_Strain_NULL_NSP2        1.1462192 1.1117965 0.8662317 0.4762955 0.4655130 0.3634158 0.4046195 0.4061945 0.3907836 0.0057535 0.0000000 0.1411357 0.3221189 0.3073875 0.3666572 0.4540981 0.4415418 0.4227451 0.5097702 0.5152633 2.3591917 2.2525718 2.2198322 2.2034637 2.2635838 2.2910153 2.3087117 2.2656066 2.2198659 2.2635832 2.2293859 2.3316416 2.3492801 2.3117998 2.2724598 2.2690217 2.3250962 2.2931160 2.2905748 2.2905748 3.5520772 3.7906458 3.4219854 3.0065506 2.8738072 3.7406771 
AB673231_Pig_Japan_2001_04_XX_Rotavirus_B_Strain_NULL_NSP2        1.1030534 1.1615966 0.8077962 0.4177160 0.3690712 0.3348820 0.3459043 0.3424626 0.3447633 0.1367115 0.1411357 0.0000000 0.2979680 0.3245118 0.4106408 0.4555615 0.4573480 0.4553772 0.6141096 0.6204146 2.2741691 2.2112366 2.2494055 2.2164124 2.2765047 2.2757134 2.2930823 2.2785439 2.2329312 2.2765391 2.2424103 2.2478365 2.3721911 2.3345816 2.2305173 2.1880559 2.1996400 2.1498748 2.1501877 2.1343992 3.2836628 3.4986075 3.1099178 2.9730968 3.1072195 3.7545741 
AB673229_Pig_Japan_2003_07_XX_Rotavirus_B_Strain_NULL_NSP2        0.8985591 0.9913871 0.7527494 0.4958739 0.4688485 0.3312580 0.3469862 0.3761187 0.3084062 0.3037968 0.3221189 0.2979680 0.0000000 0.3475135 0.3563475 0.4036146 0.4113634 0.3819655 0.5741027 0.5802495 2.0574968 1.9575414 1.9911938 2.0664723 2.0558519 2.0545268 2.0700933 2.0572552 2.0164431 2.0171725 2.0252161 2.0506153 2.1625548 2.1284022 1.9740377 2.0682596 2.0457423 1.9815686 2.0298152 2.0149359 3.6659022 3.8291568 3.5187373 3.0144131 3.0713467 3.9622830 
KJ613653_Pig_India_2009_03_16_Rotavirus_B_Strain_GXP_X__NSP2      0.9808612 1.0105309 0.8272520 0.4082396 0.3620771 0.3299502 0.3418126 0.3804677 0.3130855 0.3037739 0.3073875 0.3245118 0.3475135 0.0000000 0.1183673 0.4730785 0.3980934 0.4144302 0.5068143 0.5121127 2.1454985 2.0771924 2.1131319 2.2119946 2.1824510 2.2083455 2.2253412 2.1842451 2.1813698 2.1411800 2.1495863 2.1385397 2.2201683 2.2195844 2.0950595 2.0814338 2.1353829 2.0316562 2.0443516 2.0292597 3.6648051 3.8769755 3.3140639 2.9847038 3.2836711 4.1543014 
KJ613657_Pig_India_2013_09_04_Rotavirus_B_Strain_NULL_NSP2        1.1318401 1.1382810 0.9169485 0.5831562 0.4582324 0.4325604 0.4127685 0.4109424 0.3693842 0.3624668 0.3666572 0.4106408 0.3563475 0.1183673 0.0000000 0.5030281 0.4636827 0.4853134 0.6520042 0.6585258 2.2617294 2.1916464 2.2285718 2.3323644 2.2999433 2.3272212 2.3446885 2.3020006 2.2991396 2.2576834 2.2661822 2.2549051 2.3479262 2.3473471 2.2102588 2.1970879 2.2992823 2.2261232 2.2376385 2.2215344 3.7629981 3.9981996 3.6148800 3.1434499 3.2681263 3.6119424 
AB673224_Pig_Japan_2009_03_XX_Rotavirus_B_Strain_NULL_NSP2        0.9072451 0.9109049 0.7450783 0.3980503 0.4855832 0.4455829 0.5104295 0.4172008 0.4312335 0.4579635 0.4540981 0.4555615 0.4036146 0.4730785 0.5030281 0.0000000 0.2652422 0.4462137 0.5539824 0.5598944 2.1877933 2.1030215 2.1397584 2.1568115 2.1810018 2.1799770 2.1968202 2.1799773 2.1386295 2.2048845 2.1479193 2.1807437 2.2471688 2.2280460 2.1359283 2.1605216 2.1653908 2.0502653 1.9936355 1.9787656 3.1006338 3.2959047 3.1231446 2.9877668 3.0676027 3.3269182 
KR052710_Pig_USA_NULL_Rotavirus_B_Strain_GXP_X__NSP2              1.1278344 1.0093660 0.9049091 0.4828592 0.5347122 0.4365615 0.5006978 0.4161620 0.3881101 0.4451355 0.4415418 0.4573480 0.4113634 0.3980934 0.4636827 0.2652422 0.0000000 0.3891479 0.4759535 0.4699298 2.0286147 1.9513532 1.9848970 1.9999218 2.0629946 2.0864892 2.1023299 2.0616887 2.0616511 2.1146196 2.0322488 2.0217273 2.0874280 2.0545174 1.9808969 2.0391052 2.0785884 1.9981108 1.9964772 1.9817712 3.5894071 3.8600152 3.3115394 3.0421695 3.3177720 3.6805348 
KJ613656_Pig_India_2013_09_04_Rotavirus_B_Strain_NULL_NSP2        0.9798485 0.9654096 0.8363426 0.4536756 0.4819471 0.3898179 0.4359488 0.4233958 0.4164183 0.4125763 0.4227451 0.4553772 0.3819655 0.4144302 0.4853134 0.4462137 0.3891479 0.0000000 0.5779830 0.5707157 2.2462179 2.1754383 2.2127225 2.3031707 2.2847841 2.2259412 2.2428387 2.2437375 2.2865322 2.2265113 2.2506792 2.1921298 2.3701370 2.3327579 2.1941946 2.1752235 2.2230657 1.9901632 1.9885557 1.9741153 3.1340963 3.2716623 3.0137995 2.7954050 3.4022412 3.4139413 
AB673219_Pig_Japan_2007_08_XX_Rotavirus_B_Strain_NULL_NSP2        0.9921376 1.0014970 0.9105561 0.5486042 0.6339921 0.5263168 0.5270447 0.5886229 0.5312435 0.5018680 0.5097702 0.6141096 0.5741027 0.5068143 0.6520042 0.5539824 0.4759535 0.5779830 0.0000000 0.0011045 2.0421946 2.0192192 2.0113410 2.0198951 2.0395520 2.0755530 2.0913344 2.0755532 2.0369314 2.0876437 2.0457853 2.0352909 2.0984807 2.0651279 1.9940212 2.0167794 2.0327013 1.8760076 1.9099312 1.8958129 2.7528139 2.9242496 3.1158878 2.6921671 2.8685353 3.3176976 
AB673220_Pig_Japan_2007_08_XX_Rotavirus_B_Strain_NULL_NSP2        1.0006876 0.9903609 0.9000627 0.5542198 0.6402202 0.5318109 0.5325342 0.5947670 0.5367931 0.5073189 0.5152633 0.6204146 0.5802495 0.5121127 0.6585258 0.5598944 0.4699298 0.5707157 0.0011045 0.0000000 2.0198765 1.9970467 1.9893543 1.9977831 2.0172608 2.0527205 2.0683049 2.0527207 2.0526824 2.0646438 2.0233910 2.0129798 2.0753814 2.0424256 1.9721933 1.9946833 2.0105833 1.8556735 1.8890754 1.8751192 2.7238556 2.8926392 3.0813699 2.6628629 2.8377468 3.2798402 
AF205850_Human_India_1998_XX_XX_Rotavirus_B_Strain_NULL_NSP2      2.1239040 2.0906082 1.9885352 2.0572612 2.3003799 2.1348512 2.2778532 1.9894848 2.2661608 2.4172294 2.3591917 2.2741691 2.0574968 2.1454985 2.2617294 2.1877933 2.0286147 2.2462179 2.0421946 2.0198765 0.0000000 0.0111582 0.0098198 0.0227746 0.0154965 0.0169154 0.0199324 0.0183560 0.0199645 0.0215188 0.0154880 0.0047477 0.0196608 0.0195633 0.0072307 0.0085354 0.0230740 0.1001765 0.1101420 0.1137596 3.4450829 3.7194323 3.5897692 3.3774744 3.7415033 3.6542285 
AY238393_Human_NULL_NULL_Rotavirus_B_Strain_NULL_NSP2             2.1056240 2.0676405 1.9533962 1.9920209 2.2281007 2.1045580 2.2073350 1.9108269 2.1943988 2.3075742 2.2525718 2.2112366 1.9575414 2.0771924 2.1916464 2.1030215 1.9513532 2.1754383 2.0192192 1.9970467 0.0111582 0.0000000 0.0059696 0.0196747 0.0154117 0.0168200 0.0198125 0.0182495 0.0198440 0.0213848 0.0154033 0.0111370 0.0195445 0.0194485 0.0059366 0.0152742 0.0313119 0.0973621 0.1074108 0.1110519 3.5098207 3.8274546 3.6232307 3.3862306 3.7005833 3.5650525 
JQ904241_Human_India_2004_02_XX_Rotavirus_B_Strain_NULL_NSP2      2.0822813 2.0453137 1.9705813 2.0625306 2.2661815 2.1401737 2.2445004 1.9783239 2.2321963 2.2740255 2.2198322 2.2494055 1.9911938 2.1131319 2.2285718 2.1397584 1.9848970 2.2127225 2.0113410 1.9893543 0.0098198 0.0059696 0.0000000 0.0125681 0.0086153 0.0099188 0.0126464 0.0112415 0.0126631 0.0140658 0.0086141 0.0098022 0.0124844 0.0124308 0.0047012 0.0138672 0.0296508 0.1044872 0.1149698 0.1188015 3.4054790 3.7064261 3.5158447 3.2851451 3.5865092 3.5441061 
GU377231_Human_India_2007_11_XX_Rotavirus_B_Strain_NULL_NSP2      2.1145312 2.0413675 2.0136895 2.1611573 2.3451831 2.2797533 2.3901629 1.9950135 2.2947560 2.2398745 2.2034637 2.2164124 2.0664723 2.2119946 2.3323644 2.1568115 1.9999218 2.3031707 2.0198951 1.9977831 0.0227746 0.0196747 0.0125681 0.0000000 0.0111397 0.0124671 0.0152588 0.0138139 0.0124578 0.0167155 0.0111366 0.0227061 0.0072338 0.0072058 0.0180867 0.0275827 0.0474060 0.1358922 0.1491206 0.1451458 3.4264075 3.7036018 3.6085317 3.3196274 3.5286418 3.5872987 
JQ904243_Human_India_2006_10_XX_Rotavirus_B_Strain_NULL_NSP2      2.1078224 2.0701032 2.0092421 2.1323229 2.2921748 2.1685888 2.3572288 1.9671145 2.2634797 2.3017275 2.2635838 2.2765047 2.0558519 2.1824510 2.2999433 2.1810018 2.0629946 2.2847841 2.0395520 2.0172608 0.0154965 0.0154117 0.0086153 0.0111397 0.0000000 0.0060295 0.0086041 0.0072882 0.0086142 0.0099373 0.0047891 0.0154604 0.0084984 0.0084647 0.0112227 0.0199245 0.0374716 0.1160243 0.1278333 0.1242776 3.5249423 3.8102420 3.7084344 3.3353984 3.6308842 3.6441262 
GU377220_Human_India_2008_01_XX_Rotavirus_B_Strain_NULL_NSP2      2.0639616 2.0186394 2.0077528 2.1403184 2.3334717 2.1699052 2.3157027 2.0251887 2.3333716 2.3299607 2.2910153 2.2757134 2.0545268 2.2083455 2.3272212 2.1799770 2.0864892 2.2259412 2.0755530 2.0527205 0.0169154 0.0168200 0.0099188 0.0124671 0.0060295 0.0000000 0.0023584 0.0035604 0.0048063 0.0060619 0.0060295 0.0168737 0.0097817 0.0097421 0.0125628 0.0214143 0.0392843 0.1157089 0.1273504 0.1238461 3.4333656 3.7098212 3.6793776 3.3556237 3.6022369 3.5660773 
KF689788_Human_India_2011_06_XX_Rotavirus_B_Strain_NULL_NSP2      2.0795982 2.0336561 1.9856144 2.1842658 2.3511303 2.1862015 2.3329928 2.0405223 2.3513049 2.3480340 2.3087117 2.2930823 2.0700933 2.2253412 2.3446885 2.1968202 2.1023299 2.2428387 2.0913344 2.0683049 0.0199324 0.0198125 0.0126464 0.0152588 0.0086041 0.0023584 0.0000000 0.0035661 0.0048143 0.0060724 0.0086029 0.0198775 0.0124643 0.0124110 0.0153840 0.0246148 0.0433393 0.1162216 0.1278487 0.1243512 3.4596552 3.7384514 3.7077575 3.3816182 3.6302766 3.5599826 
JQ904250_Human_India_2010_06_XX_Rotavirus_B_Strain_NULL_NSP2      2.0831101 2.0286612 2.0077530 2.1676599 2.3363010 2.1726512 2.3184878 2.0040292 2.3074693 2.3038587 2.2656066 2.2785439 2.0572552 2.1842451 2.3020006 2.1799773 2.0616887 2.2437375 2.0755532 2.0527207 0.0183560 0.0182495 0.0112415 0.0138139 0.0072882 0.0035604 0.0035661 0.0000000 0.0035697 0.0048020 0.0072877 0.0183084 0.0110835 0.0110375 0.0139232 0.0229269 0.0411216 0.1157160 0.1273582 0.1238537 3.4654720 3.7453138 3.6829246 3.3129110 3.6057632 3.5625925 
JQ904247_Human_India_2010_03_XX_Rotavirus_B_Strain_NULL_NSP2      2.0417781 2.0343504 2.0465368 2.1675938 2.3333891 2.1698404 2.3156231 1.9643955 2.2611350 2.2571147 2.2198659 2.2329312 2.0164431 2.1813698 2.2991396 2.1386295 2.0616511 2.2865322 2.0369314 2.0526824 0.0199645 0.0198440 0.0126631 0.0124578 0.0086142 0.0048063 0.0048143 0.0035697 0.0000000 0.0060791 0.0086131 0.0199093 0.0124805 0.0124270 0.0154059 0.0246589 0.0434518 0.1201153 0.1318219 0.1283002 3.4334370 3.7099142 3.7535000 3.3096507 3.6023172 3.6314881 
KP753130_Human_Senegal_2010_12_20_Rotavirus_B_Strain_GXP_X__NSP2  2.0810901 2.0706920 2.0310489 2.1804512 2.2907872 2.1706646 2.3165296 2.0375815 2.3054613 2.3018302 2.2635832 2.2765391 2.0171725 2.1411800 2.2576834 2.2048845 2.1146196 2.2265113 2.0876437 2.0646438 0.0215188 0.0213848 0.0140658 0.0167155 0.0099373 0.0060619 0.0060724 0.0048020 0.0060791 0.0000000 0.0099352 0.0214560 0.0138587 0.0137977 0.0168577 0.0263092 0.0434093 0.1160323 0.1276473 0.1241526 3.3876639 3.6597462 3.6297287 3.3300394 3.6249190 3.5839797 
JQ904246_Human_India_2009_10_XX_Rotavirus_B_Strain_NULL_NSP2      2.0762586 2.0396241 1.9785362 2.1003889 2.2994801 2.1766666 2.3226473 1.9730111 2.2707351 2.2668064 2.2293859 2.2424103 2.0252161 2.1495863 2.2661822 2.1479193 2.0322488 2.2506792 2.0457853 2.0233910 0.0154880 0.0154033 0.0086141 0.0111366 0.0047891 0.0060295 0.0086029 0.0072877 0.0086131 0.0099352 0.0000000 0.0154519 0.0084973 0.0084637 0.0112195 0.0199080 0.0373966 0.1156451 0.1275100 0.1239338 3.5754259 3.8687902 3.5868603 3.2275325 3.5110903 3.5286695 
JQ904238_Human_India_1995_11_XX_Rotavirus_B_Strain_NULL_NSP2      2.1144323 2.0890793 1.9603358 2.0328646 2.2450167 2.1280272 2.2710274 1.9825958 2.2591788 2.3888810 2.3316416 2.2478365 2.0506153 2.1385397 2.2549051 2.1807437 2.0217273 2.1921298 2.0352909 2.0129798 0.0047477 0.0111370 0.0098022 0.0227061 0.0154604 0.0168737 0.0198775 0.0183084 0.0199093 0.0214560 0.0154519 0.0000000 0.0196078 0.0195110 0.0072195 0.0085211 0.0230032 0.0880694 0.0976057 0.1010014 3.4683629 3.7433683 3.5595593 3.4338006 3.7253873 3.5233966 
GU370058_Human_Myanmar_2007_11_XX_Rotavirus_B_Strain_NULL_NSP2    2.1849746 2.0713524 2.0959932 2.2104636 2.4206195 2.2655562 2.4163338 2.0870103 2.4024547 2.3890104 2.3492801 2.3721911 2.1625548 2.2201683 2.3479262 2.2471688 2.0874280 2.3701370 2.0984807 2.0753814 0.0196608 0.0195445 0.0124844 0.0072338 0.0084984 0.0097817 0.0124643 0.0110835 0.0124805 0.0138587 0.0084973 0.0196078 0.0000000 0.0023268 0.0151828 0.0242700 0.0430778 0.1247672 0.1376757 0.1337797 3.4730308 3.7542509 3.6540219 3.3639129 3.5770939 3.7320636 
JQ904244_Human_India_2007_06_XX_Rotavirus_B_Strain_NULL_NSP2      2.1504852 2.1117826 2.0622838 2.1754718 2.3831938 2.2649818 2.4157527 2.0542813 2.3642213 2.3507463 2.3117998 2.3345816 2.1284022 2.2195844 2.3473471 2.2280460 2.0545174 2.3327579 2.0651279 2.0424256 0.0195633 0.0194485 0.0124308 0.0072058 0.0084647 0.0097421 0.0124110 0.0110375 0.0124270 0.0137977 0.0084637 0.0195110 0.0023268 0.0000000 0.0151144 0.0241383 0.0427390 0.1225236 0.1351572 0.1313406 3.4586253 3.7385124 3.6386368 3.3497187 3.5621213 3.6678600 
JQ904239_Human_India_2000_10_XX_Rotavirus_B_Strain_NULL_NSP2      2.0790279 2.0420423 1.9664218 2.0088904 2.2473769 2.0855405 2.2261053 1.9268300 2.2134542 2.3281720 2.2724598 2.2305173 1.9740377 2.0950595 2.2102588 2.1359283 1.9808969 2.1941946 1.9940212 1.9721933 0.0072307 0.0059366 0.0047012 0.0180867 0.0112227 0.0125628 0.0153840 0.0139232 0.0154059 0.0168577 0.0112195 0.0072195 0.0151828 0.0151144 0.0000000 0.0111312 0.0262172 0.0969236 0.1069379 0.1105653 3.3985634 3.6974246 3.5724958 3.3385979 3.5784716 3.5985035 
GU391308_Human_Bangladesh_2002_03_XX_Rotavirus_B_Strain_NULL_NSP2 2.0938952 2.0969475 1.9841030 1.9959886 2.2327641 2.0722212 2.2118641 1.9599514 2.1989877 2.3226722 2.2690217 2.1880559 2.0682596 2.0814338 2.1970879 2.1605216 2.0391052 2.1752235 2.0167794 1.9946833 0.0085354 0.0152742 0.0138672 0.0275827 0.0199245 0.0214143 0.0246148 0.0229269 0.0246589 0.0263092 0.0199080 0.0085211 0.0242700 0.0241383 0.0111312 0.0000000 0.0126215 0.1030895 0.1131759 0.1168495 3.4108120 3.6784350 3.5832728 3.3753950 3.6610593 3.6020929 
JQ904245_Human_India_2009_09_XX_Rotavirus_B_Strain_NULL_NSP2      2.0505235 2.1029035 2.0049201 2.0847134 2.2938320 2.1279084 2.2710547 2.0427894 2.2203858 2.3803297 2.3250962 2.1996400 2.0457423 2.1353829 2.2992823 2.1653908 2.0785884 2.2230657 2.0327013 2.0105833 0.0230740 0.0313119 0.0296508 0.0474060 0.0374716 0.0392843 0.0433393 0.0411216 0.0434518 0.0434093 0.0373966 0.0230032 0.0430778 0.0427390 0.0262172 0.0126215 0.0000000 0.1305773 0.1417495 0.1458305 3.3432084 3.6055980 3.7279647 3.4463010 3.6331282 3.6135071 
AJ867609_Human_China_NULL_Rotavirus_B_Strain_NULL_NSP2            2.1691549 2.0854458 2.0461185 1.9914740 2.0968089 2.0908645 2.2226429 2.2525288 2.2761471 2.2905235 2.2931160 2.1498748 1.9815686 2.0316562 2.2261232 2.0502653 1.9981108 1.9901632 1.8760076 1.8556735 0.1001765 0.0973621 0.1044872 0.1358922 0.1160243 0.1157089 0.1162216 0.1157160 0.1201153 0.1160323 0.1156451 0.0880694 0.1247672 0.1225236 0.0969236 0.1030895 0.1305773 0.0000000 0.0121500 0.0108324 3.2608224 3.6133596 3.1325803 3.3130873 3.5950114 3.7781921 
AY212934_Human_China_NULL_Rotavirus_B_Strain_NULL_NSP2            2.2086651 2.0830307 2.0342305 1.9918788 2.0184714 2.1506851 2.2702607 2.2527921 2.3236703 2.3051227 2.2905748 2.1501877 2.0298152 2.0443516 2.2376385 1.9936355 1.9964772 1.9885557 1.9099312 1.8890754 0.1101420 0.1074108 0.1149698 0.1491206 0.1278333 0.1273504 0.1278487 0.1273582 0.1318219 0.1276473 0.1275100 0.0976057 0.1376757 0.1351572 0.1069379 0.1131759 0.1417495 0.0121500 0.0000000 0.0011338 3.2997828 3.6606911 3.0976329 3.3037168 3.4675813 3.7897296 
AY539861_Human_NULL_NULL_Rotavirus_B_Strain_NULL_NSP2             2.1922189 2.0677759 2.0189976 1.9772176 2.0393491 2.1733247 2.2940968 2.2360287 2.3064323 2.2879974 2.2905748 2.1343992 2.0149359 2.0292597 2.2215344 1.9787656 1.9817712 1.9741153 1.8958129 1.8751192 0.1137596 0.1110519 0.1188015 0.1451458 0.1242776 0.1238461 0.1243512 0.1238537 0.1283002 0.1241526 0.1239338 0.1010014 0.1337797 0.1313406 0.1105653 0.1168495 0.1458305 0.0108324 0.0011338 0.0000000 3.2997825 3.6606907 3.0976326 3.3037165 3.4675810 3.7897292 
AB673226_Pig_Japan_2007_08_XX_Rotavirus_B_Strain_NULL_NSP2        3.1570718 3.2090375 3.2044281 3.0664519 3.4798652 3.3471455 3.1780854 3.4440125 3.4070218 3.6653773 3.5520772 3.2836628 3.6659022 3.6648051 3.7629981 3.1006338 3.5894071 3.1340963 2.7528139 2.7238556 3.4450829 3.5098207 3.4054790 3.4264075 3.5249423 3.4333656 3.4596552 3.4654720 3.4334370 3.3876639 3.5754259 3.4683629 3.4730308 3.4586253 3.3985634 3.4108120 3.3432084 3.2608224 3.2997828 3.2997825 0.0000000 0.0173587 0.3707491 0.4115218 0.4687361 1.5239613 
AB673227_Pig_Japan_2008_09_XX_Rotavirus_B_Strain_NULL_NSP2        3.3807267 3.4319267 3.4381836 3.2016081 3.8963107 3.5661772 3.3822710 3.5843852 3.6066324 3.9181522 3.7906458 3.4986075 3.8291568 3.8769755 3.9981996 3.2959047 3.8600152 3.2716623 2.9242496 2.8926392 3.7194323 3.8274546 3.7064261 3.7036018 3.8102420 3.7098212 3.7384514 3.7453138 3.7099142 3.6597462 3.8687902 3.7433683 3.7542509 3.7385124 3.6974246 3.6784350 3.6055980 3.6133596 3.6606911 3.6606907 0.0173587 0.0000000 0.4328247 0.3753312 0.5215386 1.6761533 
AB673228_Pig_Japan_2009_02_XX_Rotavirus_B_Strain_NULL_NSP2        3.0866469 3.2226073 3.0148770 2.8830631 3.0546040 3.5326387 3.1691254 3.5205302 3.6084262 3.4638826 3.4219854 3.1099178 3.5187373 3.3140639 3.6148800 3.1231446 3.3115394 3.0137995 3.1158878 3.0813699 3.5897692 3.6232307 3.5158447 3.6085317 3.7084344 3.6793776 3.7077575 3.6829246 3.7535000 3.6297287 3.5868603 3.5595593 3.6540219 3.6386368 3.5724958 3.5832728 3.7279647 3.1325803 3.0976329 3.0976326 0.3707491 0.4328247 0.0000000 0.3857116 0.3860446 1.6459792 
KJ613651_Pig_India_2009_03_16_Rotavirus_B_Strain_G7P_X__NSP2      2.6588937 2.7290624 3.0794510 2.6862168 3.1492594 3.0815584 2.9581190 2.9206909 3.0433236 3.0833288 3.0065506 2.9730968 3.0144131 2.9847038 3.1434499 2.9877668 3.0421695 2.7954050 2.6921671 2.6628629 3.3774744 3.3862306 3.2851451 3.3196274 3.3353984 3.3556237 3.3816182 3.3129110 3.3096507 3.3300394 3.2275325 3.4338006 3.3639129 3.3497187 3.3385979 3.3753950 3.4463010 3.3130873 3.3037168 3.3037165 0.4115218 0.3753312 0.3857116 0.0000000 0.4141474 1.6858723 
AB673233_Pig_Japan_2008_10_XX_Rotavirus_B_Strain_NULL_NSP2        2.6679602 2.9575738 3.3949055 3.2482870 3.2214365 3.4916007 3.3580263 3.0995663 3.5432287 3.0178185 2.8738072 3.1072195 3.0713467 3.2836711 3.2681263 3.0676027 3.3177720 3.4022412 2.8685353 2.8377468 3.7415033 3.7005833 3.5865092 3.5286418 3.6308842 3.6022369 3.6302766 3.6057632 3.6023172 3.6249190 3.5110903 3.7253873 3.5770939 3.5621213 3.5784716 3.6610593 3.6331282 3.5950114 3.4675813 3.4675810 0.4687361 0.5215386 0.3860446 0.4141474 0.0000000 1.4900172 
AB673230_Pig_Japan_2008_10_XX_Rotavirus_B_Strain_NULL_NSP2        3.2260536 3.0593495 3.5453249 3.6761708 3.3342873 3.6994556 3.7378642 3.5452746 3.9357926 3.8094173 3.7406771 3.7545741 3.9622830 4.1543014 3.6119424 3.3269182 3.6805348 3.4139413 3.3176976 3.2798402 3.6542285 3.5650525 3.5441061 3.5872987 3.6441262 3.5660773 3.5599826 3.5625925 3.6314881 3.5839797 3.5286695 3.5233966 3.7320636 3.6678600 3.5985035 3.6020929 3.6135071 3.7781921 3.7897296 3.7897292 1.5239613 1.6761533 1.6459792 1.6858723 1.4900172 0.0000000 
