26
AB738409_Cow_Japan_NULL_Rotavirus_C_Strain_NULL_NSP3              0.0000000 0.0647189 0.1270698 0.1419240 0.1946982 0.3054824 1.6478615 1.6712467 1.6826370 1.7278448 1.6306659 1.6703426 1.6059383 1.6040710 1.6191532 1.6161093 1.6294551 1.6228547 1.6121989 1.6194535 1.6449667 1.6482649 1.6080457 1.5901139 1.6098572 1.6186379 
AB874658_Cow_Japan_2008-04-08_Rotavirus_C_Strain_NULL_NSP3        0.0647189 0.0000000 0.1337423 0.1487793 0.2020905 0.3049136 1.7194535 1.7242413 1.7182889 1.7823265 1.6826668 1.7026470 1.6208008 1.6189055 1.6094473 1.6311910 1.6447055 1.6380191 1.6271504 1.6345185 1.6587622 1.6638537 1.6591068 1.6408519 1.6609791 1.6570943 
AB874657_Cow_Japan_2004-06-02_Rotavirus_C_Strain_NULL_NSP3        0.1270698 0.1337423 0.0000000 0.1040609 0.1604263 0.2913124 1.6941476 1.7237131 1.7202921 1.7626168 1.7091978 1.7109201 1.6513274 1.6494298 1.6633275 1.6618663 1.6753314 1.6686644 1.6576749 1.6650621 1.6894175 1.6946041 1.6565584 1.6383070 1.6584289 1.6433051 
AB874659_Cow_Japan_2010-11-04_Rotavirus_C_Strain_NULL_NSP3        0.1419240 0.1487793 0.1040609 0.0000000 0.1536051 0.2930017 1.6362355 1.6130595 1.6097572 1.6686790 1.6308370 1.6501818 1.5711869 1.5693034 1.5802724 1.5812968 1.5948397 1.5881475 1.5775154 1.5848253 1.6087927 1.6137050 1.6069119 1.5887645 1.6087445 1.5936490 
AB874655_Cow_Japan_2004-01-05_Rotavirus_C_Strain_NULL_NSP3        0.1946982 0.2020905 0.1604263 0.1536051 0.0000000 0.2340254 1.6015329 1.6297802 1.6264093 1.6865378 1.6121477 1.6362032 1.5789586 1.5770551 1.5905219 1.5892107 1.6028792 1.5961238 1.5853517 1.5944257 1.6169832 1.6219719 1.5910376 1.5908835 1.6110658 1.6008645 
AB874654_Cow_Japan_2003-12-17_Rotavirus_C_Strain_NULL_NSP3        0.3054824 0.3049136 0.2913124 0.2930017 0.2340254 0.0000000 1.7098781 1.7371245 1.7336389 1.7867491 1.6508976 1.6606637 1.5740779 1.5721747 1.5856060 1.5843114 1.5979892 1.5912299 1.5609406 1.5701335 1.6137699 1.6170632 1.5708837 1.5707296 1.5907677 1.5936600 
AY941780_Human_India_NULL_Rotavirus_C_Strain_NULL_NSP3            1.6478615 1.7194535 1.6941476 1.6362355 1.6015329 1.7098781 0.0000000 0.0573125 0.0866815 0.1042319 0.0934262 0.1393970 0.2751051 0.2878426 0.2848000 0.2869712 0.2868590 0.2826931 0.3001795 0.2965129 0.3014574 0.2925533 0.2942488 0.2989988 0.2993351 0.3043699 
HQ185640_Human_Bangladesh_2005-XX-XX_Rotavirus_C_Strain_NULL_NSP3 1.6712467 1.7242413 1.7237131 1.6130595 1.6297802 1.7371245 0.0573125 0.0000000 0.0262963 0.0416852 0.0894080 0.1419253 0.2770372 0.2897179 0.2775491 0.2937000 0.2935869 0.2894145 0.3069334 0.3032744 0.3082491 0.2993135 0.3008866 0.3056546 0.3059993 0.3110654 
HQ896718_Human_South                                              1.6826370 1.7182889 1.7202921 1.6097572 1.6264093 1.7336389 0.0866815 0.0262963 0.0000000 0.0604563 0.1131994 0.1717890 0.3085267 0.3216665 0.3091860 0.3257553 0.3256360 0.3213182 0.3394745 0.3358584 0.3410103 0.3316733 0.3236578 0.3285790 0.3289597 0.3342345 
KT206201_Human_Italy_2012-XX-XX_Rotavirus_C_Strain_G4P_2__NSP3    1.7278448 1.7823265 1.7626168 1.6686790 1.6865378 1.7867491 0.1042319 0.0416852 0.0604563 0.0000000 0.1390668 0.1808910 0.3153456 0.3286703 0.3160439 0.3328087 0.3326873 0.3283096 0.3470032 0.3430720 0.3483212 0.3294521 0.3262948 0.3312667 0.3316542 0.3369894 
AY941782_Human_India_NULL_Rotavirus_C_Strain_NULL_NSP3            1.6306659 1.6826668 1.7091978 1.6308370 1.6121477 1.6508976 0.0934262 0.0894080 0.1131994 0.1390668 0.0000000 0.1176126 0.2473789 0.2595742 0.2564992 0.2635659 0.2634600 0.2594425 0.2764267 0.2729196 0.2773914 0.2688670 0.2579502 0.2624274 0.2627076 0.2756761 
AY941781_Human_India_NULL_Rotavirus_C_Strain_NULL_NSP3            1.6703426 1.7026470 1.7109201 1.6501818 1.6362032 1.6606637 0.1393970 0.1419253 0.1717890 0.1808910 0.1176126 0.0000000 0.2530916 0.2654642 0.2623886 0.2693840 0.2692758 0.2651975 0.2738390 0.2789041 0.2698833 0.2704407 0.2675881 0.2721557 0.2724517 0.2772469 
HQ185649_Human_China_2001-XX-XX_Rotavirus_C_Strain_NULL_NSP3      1.6059383 1.6208008 1.6513274 1.5711869 1.5789586 1.5740779 0.2751051 0.2770372 0.3085267 0.3153456 0.2473789 0.2530916 0.0000000 0.0086366 0.0174508 0.0383726 0.0383508 0.0353357 0.0538197 0.0570257 0.0509389 0.0416516 0.1824109 0.1865165 0.1866961 0.1867036 
HQ185670_Human_Japan_2003-XX-XX_Rotavirus_C_Strain_NULL_NSP3      1.6040710 1.6189055 1.6494298 1.5693034 1.5770551 1.5721747 0.2878426 0.2897179 0.3216665 0.3286703 0.2595742 0.2654642 0.0086366 0.0000000 0.0263492 0.0475409 0.0475143 0.0444626 0.0632092 0.0664749 0.0603340 0.0509158 0.1936997 0.1978778 0.1980710 0.1980866 
KT206190_Human_Italy_2004-XX-XX_Rotavirus_C_Strain_G4P_2__NSP3    1.6191532 1.6094473 1.6633275 1.5802724 1.5905219 1.5856060 0.2848000 0.2775491 0.3091860 0.3160439 0.2564992 0.2623886 0.0174508 0.0263492 0.0000000 0.0538901 0.0538601 0.0507727 0.0697669 0.0730875 0.0668870 0.0573438 0.2065861 0.2028097 0.2030102 0.2030299 
HQ185660_Human_China_2007-XX-XX_Rotavirus_C_Strain_NULL_NSP3      1.6161093 1.6311910 1.6618663 1.5812968 1.5892107 1.5843114 0.2869712 0.2937000 0.3257553 0.3328087 0.2635659 0.2693840 0.0383726 0.0475409 0.0538901 0.0000000 0.0057178 0.0028531 0.0202569 0.0232546 0.0233559 0.0204156 0.2098041 0.2139428 0.2141561 0.2141851 
HQ185681_Human_Japan_2008-XX-XX_Rotavirus_C_Strain_NULL_NSP3      1.6294551 1.6447055 1.6753314 1.5948397 1.6028792 1.5979892 0.2868590 0.2935869 0.3256360 0.3326873 0.2634600 0.2692758 0.0383508 0.0475143 0.0538601 0.0057178 0.0000000 0.0028514 0.0261551 0.0232412 0.0233424 0.0204037 0.2097118 0.2138492 0.2140624 0.2140913 
KP342043_Human_China_2011-XX-XX_Rotavirus_C_Strain_NULL_NSP3      1.6228547 1.6380191 1.6686644 1.5881475 1.5961238 1.5912299 0.2826931 0.2894145 0.3213182 0.3283096 0.2594425 0.2651975 0.0353357 0.0444626 0.0507727 0.0028531 0.0028514 0.0000000 0.0232069 0.0202991 0.0203872 0.0174570 0.2059169 0.2100337 0.2102422 0.2102677 
KP844857_Human_South                                              1.6121989 1.6271504 1.6576749 1.5775154 1.5853517 1.5609406 0.3001795 0.3069334 0.3394745 0.3470032 0.2764267 0.2738390 0.0538197 0.0632092 0.0697669 0.0202569 0.0261551 0.0232069 0.0000000 0.0443364 0.0445353 0.0415489 0.2140811 0.2182483 0.2184672 0.2185001 
KP342032_Human_China_2011-XX-XX_Rotavirus_C_Strain_NULL_NSP3      1.6194535 1.6345185 1.6650621 1.5848253 1.5944257 1.5701335 0.2965129 0.3032744 0.3358584 0.3430720 0.2729196 0.2789041 0.0570257 0.0664749 0.0730875 0.0232546 0.0232412 0.0202991 0.0443364 0.0000000 0.0415533 0.0385438 0.2183837 0.2225838 0.2228087 0.2228457 
KP776582_Human_Hungary_2013-XX-XX_Rotavirus_C_Strain_G4P_2__NSP3  1.6449667 1.6587622 1.6894175 1.6087927 1.6169832 1.6137699 0.3014574 0.3082491 0.3410103 0.3483212 0.2773914 0.2698833 0.0509389 0.0603340 0.0668870 0.0233559 0.0233424 0.0203872 0.0445353 0.0415533 0.0000000 0.0145080 0.2271142 0.2313858 0.2316231 0.2316691 
KP776583_Human_Hungary_2013-XX-XX_Rotavirus_C_Strain_G4P_2__NSP3  1.6482649 1.6638537 1.6946041 1.6137050 1.6219719 1.6170632 0.2925533 0.2993135 0.3316733 0.3294521 0.2688670 0.2704407 0.0416516 0.0509158 0.0573438 0.0204156 0.0204037 0.0174570 0.0415489 0.0385438 0.0145080 0.0000000 0.2110219 0.2151880 0.2154039 0.2154342 
JQ177071_Human_Russia_2008-05-XX_Rotavirus_C_Strain_NULL_NSP3     1.6080457 1.6591068 1.6565584 1.6069119 1.5910376 1.5708837 0.2942488 0.3008866 0.3236578 0.3262948 0.2579502 0.2675881 0.1824109 0.1936997 0.2065861 0.2098041 0.2097118 0.2059169 0.2140811 0.2183837 0.2271142 0.2110219 0.0000000 0.0087332 0.0087397 0.0266486 
JQ177073_Human_Russia_2009-03-XX_Rotavirus_C_Strain_NULL_NSP3     1.5901139 1.6408519 1.6383070 1.5887645 1.5908835 1.5707296 0.2989988 0.3056546 0.3285790 0.3312667 0.2624274 0.2721557 0.1865165 0.1978778 0.2028097 0.2139428 0.2138492 0.2100337 0.2182483 0.2225838 0.2313858 0.2151880 0.0087332 0.0000000 0.0058155 0.0236426 
JQ177072_Human_Russia_2008-05-XX_Rotavirus_C_Strain_NULL_NSP3     1.6098572 1.6609791 1.6584289 1.6087445 1.6110658 1.5907677 0.2993351 0.3059993 0.3289597 0.3316542 0.2627076 0.2724517 0.1866961 0.1980710 0.2030102 0.2141561 0.2140624 0.2102422 0.2184672 0.2228087 0.2316231 0.2154039 0.0087397 0.0058155 0.0000000 0.0236606 
KC713908_Human_Russia_2008-04-XX_Rotavirus_C_Strain_NULL_NSP3     1.6186379 1.6570943 1.6433051 1.5936490 1.6008645 1.5936600 0.3043699 0.3110654 0.3342345 0.3369894 0.2756761 0.2772469 0.1867036 0.1980866 0.2030299 0.2141851 0.2140913 0.2102677 0.2185001 0.2228457 0.2316691 0.2154342 0.0266486 0.0236426 0.0236606 0.0000000 
