44
AB713973_Pig_Japan_2008_10_XX_Rotavirus_B_Strain_NULL_NSP5        0.0000000 0.5450687 0.5780598 0.5756403 0.5800912 1.4089025 1.4018179 1.3839530 8.9999981 8.9999988 8.9999988 8.9999984 8.9999981 8.9999987 8.9999985 8.9999989 8.9999989 8.9999982 8.9999988 8.9999984 8.9999988 8.9999988 8.9999982 8.9999988 8.9999990 8.9999980 8.9999982 8.9999988 8.9999989 8.9999983 8.9999983 8.9999983 8.9999987 8.9999983 8.9999985 8.9999989 8.9999988 8.9999987 8.9999989 8.9999986 8.9999986 8.9999988 8.9999988 8.9999986 
KJ613661_Pig_India_2009_03_16_Rotavirus_B_Strain_G7P_X__NSP5      0.5450687 0.0000000 0.6289562 0.6242026 0.7056521 1.3657160 1.3833189 1.2270849 8.9999982 8.9999988 8.9999988 8.9999986 8.9999984 8.9999987 8.9999984 8.9999982 8.9999982 8.9999984 8.9999981 8.9999985 8.9999982 8.9999990 8.9999986 8.9999990 8.9999988 8.9999984 8.9999985 8.9999985 8.9999988 8.9999982 8.9999989 8.9999989 8.9999989 8.9999986 8.9999984 8.9999990 8.9999982 8.9999986 8.9999988 8.9999985 8.9999985 8.9999987 8.9999983 8.9999989 
AB713993_Pig_Japan_2008_10_XX_Rotavirus_B_Strain_NULL_NSP5        0.5780598 0.6289562 0.0000000 0.0121329 0.4405532 1.4807847 1.4745357 1.3932471 8.9999989 8.9999988 8.9999988 8.9999990 8.9999989 8.9999983 8.9999983 8.9999990 8.9999990 8.9999989 8.9999981 8.9999986 8.9999990 8.9999989 8.9999984 8.9999987 8.9999984 8.9999981 8.9999986 8.9999984 8.9999987 8.9999989 8.9999981 8.9999981 8.9999981 8.9999988 8.9999988 8.9999988 8.9999988 8.9999988 8.9999988 8.9999987 8.9999987 8.9999988 8.9999989 8.9999989 
AB713994_Pig_Japan_2008_10_XX_Rotavirus_B_Strain_NULL_NSP5        0.5756403 0.6242026 0.0121329 0.0000000 0.4393561 1.5219871 1.5155716 1.4310519 8.9999982 8.9999989 8.9999989 8.9999983 8.9999982 8.9999987 8.9999986 8.9999986 8.9999986 8.9999980 8.9999984 8.9999990 8.9999988 8.9999981 8.9999985 8.9999989 8.9999985 8.9999984 8.9999988 8.9999985 8.9999988 8.9999989 8.9999982 8.9999982 8.9999982 8.9999988 8.9999989 8.9999988 8.9999988 8.9999988 8.9999989 8.9999988 8.9999988 8.9999989 8.9999989 8.9999980 
KJ613665_Pig_India_2013_12_05_Rotavirus_B_Strain_NULL_NSP5        0.5800912 0.7056521 0.4405532 0.4393561 0.0000000 1.3518602 1.4033583 1.2917107 8.9999988 8.9999989 8.9999989 8.9999989 8.9999989 8.9999986 8.9999988 8.9999990 8.9999990 8.9999988 8.9999989 8.9999989 8.9999981 8.9999987 8.9999980 8.9999988 8.9999982 8.9999986 8.9999990 8.9999981 8.9999985 8.9999987 8.9999983 8.9999983 8.9999987 8.9999987 8.9999987 8.9999981 8.9999980 8.9999986 8.9999985 8.9999984 8.9999986 8.9999987 8.9999988 8.9999984 
AB713990_Pig_Japan_2007_08_XX_Rotavirus_B_Strain_NULL_NSP5        1.4089025 1.3657160 1.4807847 1.5219871 1.3518602 0.0000000 0.0844748 0.5810991 8.9999986 8.9999989 8.9999989 8.9999982 8.9999988 8.9999989 8.9999982 8.9999983 8.9999983 8.9999985 8.9999987 8.9999983 8.9999989 8.9999989 8.9999984 8.9999989 8.9999981 8.9999985 8.9999985 8.9999990 8.9999988 8.9999986 8.9999986 8.9999985 8.9999990 8.9999990 8.9999989 8.9999981 8.9999980 8.9999990 8.9999981 8.9999989 8.9999989 8.9999981 8.9999983 8.9999986 
AB713991_Pig_Japan_2008_09_XX_Rotavirus_B_Strain_NULL_NSP5        1.4018179 1.3833189 1.4745357 1.5155716 1.4033583 0.0844748 0.0000000 0.6624275 8.9999983 8.9999988 8.9999988 8.9999982 8.9999989 8.9999988 8.9999990 8.9999989 8.9999989 8.9999982 8.9999989 8.9999983 8.9999988 8.9999984 8.9999981 8.9999983 8.9999989 8.9999988 8.9999987 8.9999988 8.9999989 8.9999988 8.9999988 8.9999987 8.9999982 8.9999983 8.9999981 8.9999984 8.9999990 8.9999983 8.9999984 8.9999983 8.9999982 8.9999984 8.9999986 8.9999984 
AB713992_Pig_Japan_2009_02_XX_Rotavirus_B_Strain_NULL_NSP5        1.3839530 1.2270849 1.3932471 1.4310519 1.2917107 0.5810991 0.6624275 0.0000000 8.9999989 8.9999989 8.9999989 8.9999981 8.9999989 8.9999990 8.9999989 8.9999989 8.9999989 8.9999988 8.9999987 8.9999989 8.9999981 8.9999989 8.9999989 8.9999988 8.9999988 8.9999980 8.9999988 8.9999983 8.9999981 8.9999983 8.9999987 8.9999987 8.9999987 8.9999984 8.9999988 8.9999986 8.9999987 8.9999983 8.9999988 8.9999981 8.9999982 8.9999986 8.9999985 8.9999984 
AB713974_Pig_Japan_2009_04_XX_Rotavirus_B_Strain_NULL_NSP5        8.9999981 8.9999982 8.9999989 8.9999982 8.9999988 8.9999986 8.9999983 8.9999989 0.0000000 0.3290773 0.3779696 0.4384241 0.4248867 0.5741027 0.5207613 1.0537931 1.0364907 0.8354393 1.0365105 0.9181816 1.0913397 1.0550383 1.2947726 1.2984759 1.2719312 1.5386465 4.4001818 4.3313771 4.8259538 4.9973380 4.9960414 5.0013123 4.9165604 4.8442895 4.9092250 5.0497061 4.8803342 4.9811842 4.9169180 4.9461783 4.8419874 4.8874136 4.7222689 4.6680934 
AB713982_Pig_Japan_2007_08_XX_Rotavirus_B_Strain_NULL_NSP5        8.9999988 8.9999988 8.9999988 8.9999989 8.9999989 8.9999989 8.9999988 8.9999989 0.3290773 0.0000000 0.0618281 0.4694128 0.4071375 0.5476535 0.5172098 1.2167781 1.2002440 0.8938618 0.9240141 0.8841263 1.1724764 1.1304027 1.2479872 1.1261010 1.1087384 1.4013819 4.0168869 4.1506842 4.8757936 5.0901648 5.0889019 5.0941566 5.0075057 4.9330592 4.9296237 5.1431496 4.9705772 5.0526376 4.9875592 5.0132517 4.9117456 4.9577734 4.8089160 4.8641082 
AB713987_Pig_Japan_2008_10_XX_Rotavirus_B_Strain_NULL_NSP5        8.9999988 8.9999988 8.9999988 8.9999989 8.9999989 8.9999989 8.9999988 8.9999989 0.3779696 0.0618281 0.0000000 0.5878070 0.5113490 0.5759224 0.6032281 1.2251790 1.2090361 0.9521671 0.9679347 0.9587107 1.2553589 1.2061680 1.2610374 1.1327507 1.1395812 1.3490413 4.0259815 4.1208876 4.9622132 5.1778275 5.1766166 5.1778373 5.0946144 5.0373346 5.0341141 5.2499332 5.0761428 5.1587170 5.0931718 5.1227696 5.0168519 5.0633129 4.9122326 4.9637194 
AB713986_Pig_Japan_2007_08_XX_Rotavirus_B_Strain_NULL_NSP5        8.9999984 8.9999986 8.9999990 8.9999983 8.9999989 8.9999982 8.9999982 8.9999981 0.4384241 0.4694128 0.5878070 0.0000000 0.5103016 0.6269550 0.6163731 1.3079224 1.2906934 0.9642571 1.0682628 0.9676160 1.2818690 1.2326804 1.3293337 1.2009628 1.2670419 1.4290348 4.2600856 4.4770548 5.3704345 5.5649445 5.5638940 5.5690036 5.4734131 5.4846339 5.4822459 5.6198360 5.4334715 5.6479995 5.5751293 5.6032560 5.4907737 5.5430034 5.3469767 5.0939430 
AB713978_Pig_Japan_2002_09_XX_Rotavirus_B_Strain_NULL_NSP5        8.9999981 8.9999984 8.9999989 8.9999982 8.9999989 8.9999988 8.9999989 8.9999989 0.4248867 0.4071375 0.5113490 0.5103016 0.0000000 0.4828164 0.5045708 1.2247203 1.2084733 0.9088146 0.9420440 0.8823660 0.9752600 0.9335751 1.1993627 1.0769494 1.0190114 1.3639124 3.9739167 4.3066287 4.5685698 4.6599189 4.7080004 4.7285155 4.6450910 4.6486488 4.6101944 4.7428407 4.5814569 4.7137621 4.6519004 4.6765816 4.5797993 4.6233257 4.4850622 4.5374990 
AB713975_Pig_Japan_2001_04_XX_Rotavirus_B_Strain_NULL_NSP5        8.9999987 8.9999987 8.9999983 8.9999987 8.9999986 8.9999989 8.9999988 8.9999990 0.5741027 0.5476535 0.5759224 0.6269550 0.4828164 0.0000000 0.5779655 1.3515763 1.3340112 1.1038411 0.9998493 1.0051271 1.2625752 1.1948672 1.3053168 1.3144687 1.1472741 1.3704763 3.9687918 4.3220073 4.9227655 4.8745674 4.8732284 4.8785219 4.8591116 4.7808135 4.8739915 4.9440188 4.7782594 4.9155964 4.8519474 4.8771870 4.7777764 4.8226783 4.6602038 4.5689258 
AB713988_Pig_Japan_2009_03_XX_Rotavirus_B_Strain_NULL_NSP5        8.9999985 8.9999984 8.9999983 8.9999986 8.9999988 8.9999982 8.9999990 8.9999989 0.5207613 0.5172098 0.6032281 0.6163731 0.5045708 0.5779655 0.0000000 1.2607352 1.2440054 1.0108155 0.9807798 0.8609212 1.0043582 0.9749203 1.0155406 1.3402876 1.1325321 1.3752190 3.8932368 4.4216620 4.7464048 4.8366753 4.8354985 4.8408160 4.8908872 4.9096620 4.9592966 4.9453116 4.7789516 5.0538656 4.9889132 5.0145552 4.9162930 4.9591856 4.7864201 4.7776172 
AB713984_Pig_Japan_2007_08_XX_Rotavirus_B_Strain_NULL_NSP5        8.9999989 8.9999982 8.9999990 8.9999986 8.9999990 8.9999983 8.9999989 8.9999989 1.0537931 1.2167781 1.2251790 1.3079224 1.2247203 1.3515763 1.2607352 0.0000000 0.0058751 0.7076835 0.9874814 1.2189447 1.2441081 1.2400193 1.1729858 1.5878440 1.2570798 1.5812756 4.5619456 4.8068789 5.2011144 5.3008532 5.2859246 5.2891375 5.2842441 5.2381746 5.2076379 5.3662009 5.1922892 5.3855272 5.3381736 5.3682053 5.2407431 5.2884633 5.2978617 4.8300509 
AB713985_Pig_Japan_2007_08_XX_Rotavirus_B_Strain_NULL_NSP5        8.9999989 8.9999982 8.9999990 8.9999986 8.9999990 8.9999983 8.9999989 8.9999989 1.0364907 1.2002440 1.2090361 1.2906934 1.2084733 1.3340112 1.2440054 0.0058751 0.0000000 0.7246346 0.9712155 1.2189447 1.2441081 1.2400193 1.1729858 1.5696657 1.2762061 1.5959302 4.5619456 4.8068789 5.1909231 5.2905568 5.2755885 5.2788103 5.2739527 5.2344087 5.2038402 5.3624365 5.1884701 5.3817552 5.3343824 5.3644262 5.2369305 5.2846588 5.2941146 4.8688949 
AB713989_Pig_Japan_2009_03_XX_Rotavirus_B_Strain_NULL_NSP5        8.9999982 8.9999984 8.9999989 8.9999980 8.9999988 8.9999985 8.9999982 8.9999988 0.8354393 0.8938618 0.9521671 0.9642571 0.9088146 1.1038411 1.0108155 0.7076835 0.7246346 0.0000000 1.1904585 0.9512218 1.1498126 1.0617561 1.1047801 1.2509691 1.1018623 1.3112279 4.4000578 4.3926577 4.9572852 5.0244051 5.0231543 5.0554828 5.0793872 4.9595149 4.9662937 5.1402250 4.9666520 5.0294785 5.0336883 5.0590876 4.9615945 5.0042475 5.0330487 4.6878249 
KJ613660_Pig_India_2009_03_16_Rotavirus_B_Strain_G7P_X__NSP5      8.9999988 8.9999981 8.9999981 8.9999984 8.9999989 8.9999987 8.9999989 8.9999987 1.0365105 0.9240141 0.9679347 1.0682628 0.9420440 0.9998493 0.9807798 0.9874814 0.9712155 1.1904585 0.0000000 0.9962065 1.2273279 1.2072218 1.1529068 1.2387598 1.2872010 1.5271496 4.3517734 4.5750241 5.0712233 5.1440092 5.1428608 5.1389778 5.0907499 5.2645567 5.2263503 5.2485871 5.1673382 5.4207484 5.3707109 5.4024348 5.2706418 5.3181272 5.3276063 4.9047591 
AB713977_Pig_Japan_2002_08_XX_Rotavirus_B_Strain_NULL_NSP5        8.9999984 8.9999985 8.9999986 8.9999990 8.9999989 8.9999983 8.9999983 8.9999989 0.9181816 0.8841263 0.9587107 0.9676160 0.8823660 1.0051271 0.8609212 1.2189447 1.2189447 0.9512218 0.9962065 0.0000000 0.6254460 0.5816773 0.8256771 1.2080298 0.9518484 1.1735383 4.1648104 4.3123212 4.9526818 5.0718531 5.1382645 5.1433773 5.0622322 5.0221254 5.0188873 5.1957950 5.0533570 5.0988462 5.1221036 5.1479884 5.0357526 5.0734677 5.0807383 4.7383406 
KJ613663_Pig_India_2013_09_04_Rotavirus_B_Strain_NULL_NSP5        8.9999988 8.9999982 8.9999990 8.9999988 8.9999981 8.9999989 8.9999988 8.9999981 1.0913397 1.1724764 1.2553589 1.2818690 0.9752600 1.2625752 1.0043582 1.2441081 1.2441081 1.1498126 1.2273279 0.6254460 0.0000000 0.0000010 0.9749039 1.3768706 1.1279928 1.4698899 4.9468236 5.1533952 5.4511318 5.4045286 5.4795917 5.4848817 5.4203452 5.4244575 5.4218712 5.5245156 5.4570013 5.5421646 5.5705232 5.5991063 5.4631404 5.5159427 5.4900566 5.3592597 
KJ613664_Pig_India_2013_09_04_Rotavirus_B_Strain_NULL_NSP5        8.9999988 8.9999990 8.9999989 8.9999981 8.9999987 8.9999989 8.9999984 8.9999989 1.0550383 1.1304027 1.2061680 1.2326804 0.9335751 1.1948672 0.9749203 1.2400193 1.2400193 1.0617561 1.2072218 0.5816773 0.0000010 0.0000000 0.9127752 1.3518259 1.1166411 1.3525157 4.5648256 4.7527361 5.1922920 5.2038360 5.2712116 5.2762209 5.2606687 5.2516193 5.2488451 5.3567077 5.2939910 5.3587072 5.3836856 5.4098841 5.2860917 5.3339369 5.3115724 5.1058277 
AB713979_Pig_Japan_2002_09_XX_Rotavirus_B_Strain_NULL_NSP5        8.9999982 8.9999986 8.9999984 8.9999985 8.9999980 8.9999984 8.9999981 8.9999989 1.2947726 1.2479872 1.2610374 1.3293337 1.1993627 1.3053168 1.0155406 1.1729858 1.1729858 1.1047801 1.1529068 0.8256771 0.9749039 0.9127752 0.0000000 1.4427153 1.1824121 1.4381844 4.0839387 4.2471406 5.4444851 5.4518705 5.4507700 5.4562452 5.5136242 5.4525600 5.4618697 5.5540756 5.4013145 5.5922618 5.7034053 5.7359073 5.6046707 5.6076422 5.5166862 5.3171839 
AB713980_Pig_Japan_2003_05_XX_Rotavirus_B_Strain_NULL_NSP5        8.9999988 8.9999990 8.9999987 8.9999989 8.9999988 8.9999989 8.9999983 8.9999988 1.2984759 1.1261010 1.1327507 1.2009628 1.0769494 1.3144687 1.3402876 1.5878440 1.5696657 1.2509691 1.2387598 1.2080298 1.3768706 1.3518259 1.4427153 0.0000000 1.2110094 1.5485272 4.2861080 4.7371515 5.0108143 5.0923665 5.0220973 5.0240464 5.0073820 5.0708504 5.0344467 5.0903921 4.9212640 5.1972699 5.2215839 5.2480353 5.1268781 5.1716749 5.1468497 4.6049727 
KR052713_Pig_USA_NULL_Rotavirus_B_Strain_GXP_X__NSP5              8.9999990 8.9999988 8.9999984 8.9999985 8.9999982 8.9999981 8.9999989 8.9999988 1.2719312 1.1087384 1.1395812 1.2670419 1.0190114 1.1472741 1.1325321 1.2570798 1.2762061 1.1018623 1.2872010 0.9518484 1.1279928 1.1166411 1.1824121 1.2110094 0.0000000 1.1664507 4.2610418 4.2499258 4.9380054 4.9869638 4.9381757 4.9432655 4.9091909 4.8886342 4.8758636 4.9292585 4.8016181 4.9688785 4.9907495 5.0158425 4.8990776 4.9438609 4.9266464 4.5129581 
AB713981_Pig_Japan_2007_08_XX_Rotavirus_B_Strain_NULL_NSP5        8.9999980 8.9999984 8.9999981 8.9999984 8.9999986 8.9999985 8.9999988 8.9999980 1.5386465 1.4013819 1.3490413 1.4290348 1.3639124 1.3704763 1.3752190 1.5812756 1.5959302 1.3112279 1.5271496 1.1735383 1.4698899 1.3525157 1.4381844 1.5485272 1.1664507 0.0000000 3.8638221 4.2549320 4.6549074 4.7354553 4.7198452 4.7083250 4.7876243 4.6521192 4.5992239 4.6607668 4.5664406 4.7870452 4.7421367 4.7706866 4.6726955 4.6649659 4.6718614 4.4270808 
AB713976_Pig_Japan_2002_05_XX_Rotavirus_B_Strain_NULL_NSP5        8.9999982 8.9999985 8.9999986 8.9999988 8.9999990 8.9999985 8.9999987 8.9999988 4.4001818 4.0168869 4.0259815 4.2600856 3.9739167 3.9687918 3.8932368 4.5619456 4.5619456 4.4000578 4.3517734 4.1648104 4.9468236 4.5648256 4.0839387 4.2861080 4.2610418 3.8638221 0.0000000 1.2743459 4.9783522 4.8604905 4.8591382 4.8846022 4.9139788 4.9231818 4.8769593 5.0282772 4.8384297 4.9262170 5.0747273 5.1526474 4.9875774 5.0096271 4.9061597 4.6805782 
AB713983_Pig_Japan_2007_08_XX_Rotavirus_B_Strain_G4P_X__NSP5      8.9999988 8.9999985 8.9999984 8.9999985 8.9999981 8.9999990 8.9999988 8.9999983 4.3313771 4.1506842 4.1208876 4.4770548 4.3066287 4.3220073 4.4216620 4.8068789 4.8068789 4.3926577 4.5750241 4.3123212 5.1533952 4.7527361 4.2471406 4.7371515 4.2499258 4.2549320 1.2743459 0.0000000 5.1602681 5.0958985 5.0806145 5.0632027 5.1573191 5.2200106 5.1856574 5.3412752 5.1151782 5.3691793 5.5531665 5.6354949 5.4389852 5.4618088 5.3035583 5.0467462 
AF206724_Human_NULL_NULL_Rotavirus_B_Strain_NULL_NSP5             8.9999989 8.9999988 8.9999987 8.9999988 8.9999985 8.9999988 8.9999989 8.9999981 4.8259538 4.8757936 4.9622132 5.3704345 4.5685698 4.9227655 4.7464048 5.2011144 5.1909231 4.9572852 5.0712233 4.9526818 5.4511318 5.1922920 5.4444851 5.0108143 4.9380054 4.6549074 4.9783522 5.1602681 0.0000000 0.0754221 0.0990693 0.1155280 0.0602908 0.1489481 0.1396817 0.0986589 0.1393715 0.1844406 0.1870509 0.1972731 0.1868388 0.1861165 0.1846630 0.4452609 
AY238394_Human_NULL_NULL_Rotavirus_B_Strain_NULL_NSP5             8.9999983 8.9999982 8.9999989 8.9999989 8.9999987 8.9999986 8.9999988 8.9999983 4.9973380 5.0901648 5.1778275 5.5649445 4.6599189 4.8745674 4.8366753 5.3008532 5.2905568 5.0244051 5.1440092 5.0718531 5.4045286 5.2038360 5.4518705 5.0923665 4.9869638 4.7354553 4.8604905 5.0958985 0.0754221 0.0000000 0.0190351 0.0321916 0.0256035 0.1055287 0.0818635 0.0459129 0.0816310 0.1375714 0.1393742 0.1483711 0.1393237 0.1388189 0.1375855 0.4464295 
GU391311_Human_Bangladesh_2002_03_XX_Rotavirus_B_Strain_NULL_NSP5 8.9999983 8.9999989 8.9999981 8.9999982 8.9999983 8.9999986 8.9999988 8.9999987 4.9960414 5.0889019 5.1766166 5.5638940 4.7080004 4.8732284 4.8354985 5.2859246 5.2755885 5.0231543 5.1428608 5.1382645 5.4795917 5.2712116 5.4507700 5.0220973 4.9381757 4.7198452 4.8591382 5.0806145 0.0990693 0.0190351 0.0000000 0.0125132 0.0322471 0.1134334 0.0893643 0.0528700 0.0891168 0.1459439 0.1478774 0.1570426 0.1478043 0.1472646 0.1459863 0.4588707 
JQ904284_Human_India_2009_09_XX_Rotavirus_B_Strain_NULL_NSP5      8.9999983 8.9999989 8.9999981 8.9999982 8.9999983 8.9999985 8.9999987 8.9999987 5.0013123 5.0941566 5.1778373 5.5690036 4.7285155 4.8785219 4.8408160 5.2891375 5.2788103 5.0554828 5.1389778 5.1433773 5.4848817 5.2762209 5.4562452 5.0240464 4.9432655 4.7083250 4.8846022 5.0632027 0.1155280 0.0321916 0.0125132 0.0000000 0.0458104 0.1213911 0.0969369 0.0599167 0.0966760 0.1543373 0.1564005 0.1657237 0.1563026 0.1557282 0.1544116 0.4826401 
JQ904277_Human_India_1995_11_XX_Rotavirus_B_Strain_NULL_NSP5      8.9999987 8.9999989 8.9999981 8.9999982 8.9999987 8.9999990 8.9999982 8.9999987 4.9165604 5.0075057 5.0946144 5.4734131 4.6450910 4.8591116 4.8908872 5.2842441 5.2739527 5.0793872 5.0907499 5.0622322 5.4203452 5.2606687 5.5136242 5.0073820 4.9091909 4.7876243 4.9139788 5.1573191 0.0602908 0.0256035 0.0322471 0.0458104 0.0000000 0.0894286 0.0667457 0.0321103 0.0665491 0.1202763 0.1218006 0.1303816 0.1217896 0.1213594 0.1202429 0.3910588 
GU370060_Human_Myanmar_2007_11_XX_Rotavirus_B_Strain_NULL_NSP5    8.9999983 8.9999986 8.9999988 8.9999988 8.9999987 8.9999990 8.9999983 8.9999984 4.8442895 4.9330592 5.0373346 5.4846339 4.6486488 4.7808135 4.9096620 5.2381746 5.2344087 4.9595149 5.2645567 5.0221254 5.4244575 5.2516193 5.4525600 5.0708504 4.8886342 4.6521192 4.9231818 5.2200106 0.1489481 0.1055287 0.1134334 0.1213911 0.0894286 0.0000000 0.0390825 0.0598454 0.0673819 0.0387889 0.0391990 0.0461684 0.0392416 0.0391188 0.0387185 0.5759656 
JQ904280_Human_India_2004_02_XX_Rotavirus_B_Strain_NULL_NSP5      8.9999985 8.9999984 8.9999988 8.9999989 8.9999987 8.9999989 8.9999981 8.9999988 4.9092250 4.9296237 5.0341141 5.4822459 4.6101944 4.8739915 4.9592966 5.2076379 5.2038402 4.9662937 5.2263503 5.0188873 5.4218712 5.2488451 5.4618697 5.0344467 4.8758636 4.5992239 4.8769593 5.1856574 0.1396817 0.0818635 0.0893643 0.0969369 0.0667457 0.0390825 0.0000000 0.0319613 0.0388397 0.0668815 0.0676423 0.0751532 0.0676899 0.0674676 0.0667916 0.5309921 
JQ904278_Human_India_2000_10_XX_Rotavirus_B_Strain_NULL_NSP5      8.9999989 8.9999990 8.9999988 8.9999988 8.9999981 8.9999981 8.9999984 8.9999986 5.0497061 5.1431496 5.2499332 5.6198360 4.7428407 4.9440188 4.9453116 5.3662009 5.3624365 5.1402250 5.2485871 5.1957950 5.5245156 5.3567077 5.5540756 5.0903921 4.9292585 4.6607668 5.0282772 5.3412752 0.0986589 0.0459129 0.0528700 0.0599167 0.0321103 0.0598454 0.0319613 0.0000000 0.0318612 0.0887941 0.0898509 0.0977642 0.0898855 0.0895817 0.0887119 0.4609934 
JQ904282_Human_India_2006_10_XX_Rotavirus_B_Strain_NULL_NSP5      8.9999988 8.9999982 8.9999988 8.9999988 8.9999980 8.9999980 8.9999990 8.9999987 4.8803342 4.9705772 5.0761428 5.4334715 4.5814569 4.7782594 4.7789516 5.1922892 5.1884701 4.9666520 5.1673382 5.0533570 5.4570013 5.2939910 5.4013145 4.9212640 4.8016181 4.5664406 4.8384297 5.1151782 0.1393715 0.0816310 0.0891168 0.0966760 0.0665491 0.0673819 0.0388397 0.0318612 0.0000000 0.0814860 0.0824434 0.0902330 0.0824840 0.0822074 0.0813988 0.4705470 
GU377223_Human_India_2008_01_XX_Rotavirus_B_Strain_NULL_NSP5      8.9999987 8.9999986 8.9999988 8.9999988 8.9999986 8.9999990 8.9999983 8.9999983 4.9811842 5.0526376 5.1587170 5.6479995 4.7137621 4.9155964 5.0538656 5.3855272 5.3817552 5.0294785 5.4207484 5.0988462 5.5421646 5.3587072 5.5922618 5.1972699 4.9688785 4.7870452 4.9262170 5.3691793 0.1844406 0.1375714 0.1459439 0.1543373 0.1202763 0.0387889 0.0668815 0.0887941 0.0814860 0.0000000 0.0254519 0.0321031 0.0254837 0.0254067 0.0520242 0.6101253 
JQ904286_Human_India_2010_03_XX_Rotavirus_B_Strain_NULL_NSP5      8.9999989 8.9999988 8.9999988 8.9999989 8.9999985 8.9999981 8.9999984 8.9999988 4.9169180 4.9875592 5.0931718 5.5751293 4.6519004 4.8519474 4.9889132 5.3381736 5.3343824 5.0336883 5.3707109 5.1221036 5.5705232 5.3836856 5.7034053 5.2215839 4.9907495 4.7421367 5.0747273 5.5531665 0.1870509 0.1393742 0.1478774 0.1564005 0.1218006 0.0391990 0.0676423 0.0898509 0.0824434 0.0254519 0.0000000 0.0062436 0.0126359 0.0125984 0.0525891 0.6163709 
JQ904288_Human_India_2010_04_XX_Rotavirus_B_Strain_NULL_NSP5      8.9999986 8.9999985 8.9999987 8.9999988 8.9999984 8.9999989 8.9999983 8.9999981 4.9461783 5.0132517 5.1227696 5.6032560 4.6765816 4.8771870 5.0145552 5.3682053 5.3644262 5.0590876 5.4024348 5.1479884 5.5991063 5.4098841 5.7359073 5.2480353 5.0158425 4.7706866 5.1526474 5.6354949 0.1972731 0.1483711 0.1570426 0.1657237 0.1303816 0.0461684 0.0751532 0.0977642 0.0902330 0.0321031 0.0062436 0.0000000 0.0191223 0.0190648 0.0597466 0.6343496 
JQ904289_Human_India_2010_06_XX_Rotavirus_B_Strain_NULL_NSP5      8.9999986 8.9999985 8.9999987 8.9999988 8.9999986 8.9999989 8.9999982 8.9999982 4.8419874 4.9117456 5.0168519 5.4907737 4.5797993 4.7777764 4.9162930 5.2407431 5.2369305 4.9615945 5.2706418 5.0357526 5.4631404 5.2860917 5.6046707 5.1268781 4.8990776 4.6726955 4.9875774 5.4389852 0.1868388 0.1393237 0.1478043 0.1563026 0.1217896 0.0392416 0.0676899 0.0898855 0.0824840 0.0254837 0.0126359 0.0191223 0.0000000 0.0126161 0.0526365 0.5973271 
KP753133_Human_Senegal_2010_12_20_Rotavirus_B_Strain_GXP_X__NSP5  8.9999988 8.9999987 8.9999988 8.9999989 8.9999987 8.9999981 8.9999984 8.9999986 4.8874136 4.9577734 5.0633129 5.5430034 4.6233257 4.8226783 4.9591856 5.2884633 5.2846588 5.0042475 5.3181272 5.0734677 5.5159427 5.3339369 5.6076422 5.1716749 4.9438609 4.6649659 5.0096271 5.4618088 0.1861165 0.1388189 0.1472646 0.1557282 0.1213594 0.0391188 0.0674676 0.0895817 0.0822074 0.0254067 0.0125984 0.0190648 0.0126161 0.0000000 0.0524693 0.6100495 
JQ904285_Human_India_2009_10_XX_Rotavirus_B_Strain_NULL_NSP5      8.9999988 8.9999983 8.9999989 8.9999989 8.9999988 8.9999983 8.9999986 8.9999985 4.7222689 4.8089160 4.9122326 5.3469767 4.4850622 4.6602038 4.7864201 5.2978617 5.2941146 5.0330487 5.3276063 5.0807383 5.4900566 5.3115724 5.5166862 5.1468497 4.9266464 4.6718614 4.9061597 5.3035583 0.1846630 0.1375855 0.1459863 0.1544116 0.1202429 0.0387185 0.0667916 0.0887119 0.0813988 0.0520242 0.0525891 0.0597466 0.0526365 0.0524693 0.0000000 0.5988693 
AY217765_Human_NULL_NULL_Rotavirus_B_Strain_NULL_NSP5             8.9999986 8.9999989 8.9999989 8.9999980 8.9999984 8.9999986 8.9999984 8.9999984 4.6680934 4.8641082 4.9637194 5.0939430 4.5374990 4.5689258 4.7776172 4.8300509 4.8688949 4.6878249 4.9047591 4.7383406 5.3592597 5.1058277 5.3171839 4.6049727 4.5129581 4.4270808 4.6805782 5.0467462 0.4452609 0.4464295 0.4588707 0.4826401 0.3910588 0.5759656 0.5309921 0.4609934 0.4705470 0.6101253 0.6163709 0.6343496 0.5973271 0.6100495 0.5988693 0.0000000 
